,bas_ret_diff,sub_id,trial_n,set_size,exponent,offset,power,cf,peak_perc,bandpower,auc,auc_log_osc,auc_lin_osc,r2s,wm_capacity,osc_presence
0,bas,1.0,87.94444444444444,1.0,1.637518958596946,1.330819936894516,0.2191666471310356,6.006726231509868,78.53107344632768,6.634227041162115,13.362341207484963,0.7492840145012145,9.058516008302803,0.8417220219059719,1.9036544850498336,1.0
1,diff,1.0,87.94444444444444,1.0,-0.058994333577125795,-0.11749358135952087,0.056196951749030236,0.07522941715460546,-4.5197740112994325,0.14312684067765644,0.7538479758887332,0.08248241775126906,1.347217739195373,,1.9036544850498336,1.0
2,ret,1.0,87.94444444444444,1.0,1.5785246250198202,1.2133263555349951,0.2753635988800658,5.84179142517523,74.01129943502825,6.777353881839771,14.116189183373695,0.8317664322524836,10.405733747498177,0.8191373210535602,1.9036544850498336,1.0
3,bas,1.0,87.93167701863354,3.0,1.5921064822283562,1.2455883056601877,0.3096968599877305,6.080076641398842,73.5632183908046,7.389789273584417,15.432362652683777,0.8549139678105201,11.313300241126758,0.8290657964462671,1.9036544850498338,1.0
4,diff,1.0,87.93167701863354,3.0,0.06529528885806972,0.028273271747609168,-0.019225960346114686,-0.21498478438211327,0.5747126436781684,-0.5974608725804549,-1.2634861285385413,-0.059915827273414754,-1.0685010212530959,,1.9036544850498338,1.0
5,ret,1.0,87.93167701863354,3.0,1.6574017710864262,1.2738615774077968,0.2904708996416158,5.952846247595826,74.13793103448276,6.792328401003962,14.168876524145235,0.7949981405371053,10.244799219873661,0.8235155064849167,1.9036544850498338,1.0
6,bas,1.0,90.84472049689441,6.0,1.6043432579826409,1.2717071807548808,0.2390308722283734,6.0466142264839515,79.44444444444444,6.743879702575243,13.643987324026709,0.7778605766642478,9.569122075603781,0.8326264423181767,1.9036544850498338,1.0
7,diff,1.0,90.84472049689441,6.0,0.06717001249729677,0.018832863810757643,0.13740138267409863,0.11633292716652541,-12.222222222222214,0.26500726614539905,0.9736254247125361,0.13515190237064165,1.0856791437095752,,1.9036544850498338,1.0
8,ret,1.0,90.84472049689441,6.0,1.6715132704799376,1.2905400445656385,0.37643225490247206,5.981113839745957,67.22222222222223,7.008886968720643,14.617612748739244,0.9130124790348894,10.654801219313356,0.8264471292796542,1.9036544850498338,1.0
0,bas,5.0,80.86666666666666,1.0,1.243715872537642,1.2170143007152556,0.39763685429035606,5.746202585837149,58.18181818181817,8.818764724191318,17.777644963333387,0.8193408585840872,11.546944274496639,0.7003182011422681,1.5,1.0
1,diff,5.0,80.86666666666666,1.0,0.04529790851707951,0.03791396927676566,-0.1115234962736842,-0.2732003007635076,7.878787878787883,-1.4727049278505768,-3.185632523601091,-0.14771627078463567,-3.008831728633131,,1.5,1.0
2,ret,5.0,80.86666666666666,1.0,1.2890137810547215,1.2549282699920212,0.28611335801667187,5.73951716724631,66.06060606060606,7.346059796340742,14.592012439732297,0.6716245877994517,8.538112545863507,0.6834889820682197,1.5,1.0
3,bas,5.0,77.60544217687075,3.0,1.2115390454980706,1.1939089504841844,0.33351826593668454,5.883415280659547,64.1025641025641,9.173854012541085,18.493683368248984,0.8115739361570014,12.20358206896915,0.6859308126537227,1.5,1.0
4,diff,5.0,77.60544217687075,3.0,0.02284349371696737,0.0035196855106228763,-0.0029195907225345943,-0.08026831172157536,0.0,-2.022619226238103,-4.502639619130351,-0.13353836016957787,-4.1747558153107684,,1.5,1.0
5,ret,5.0,77.60544217687075,3.0,1.2343825392150378,1.1974286359948072,0.33059867521414993,5.6865793628812,64.1025641025641,7.1512347863029815,13.991043749118631,0.6780355759874236,8.028826253658382,0.687341699775237,1.5,1.0
6,bas,5.0,73.6470588235294,6.0,1.2044635698372625,1.2064166195582886,0.37357431560687737,5.91921634825838,64.42953020134227,8.333767714783423,16.638478553345085,0.7090431706423764,10.381945749521856,0.683036440557685,1.5,1.0
7,diff,5.0,73.6470588235294,6.0,0.029262509987557486,0.0042363037763705775,-0.004044345869873017,0.0852036470452988,-2.6845637583892525,-0.9007422049635047,-2.0074879065420967,-0.03693075367298931,-1.7903451701246123,,1.5,1.0
8,ret,5.0,73.6470588235294,6.0,1.2337260798248202,1.210652923334659,0.36952996973700436,5.797600736071867,61.74496644295303,7.4330255098199185,14.630990646802987,0.6721124169693872,8.591600579397245,0.6905787028831495,1.5,1.0
0,bas,7.0,120.81531531531532,1.0,1.5793692075065382,1.449461976121307,0.41743558547715626,6.373918839366783,66.2551440329218,11.436175444269741,21.287365713730207,0.7477259846087893,15.170884160984304,0.8408175091773106,2.199052132701422,1.0
1,diff,7.0,120.81531531531532,1.0,-0.05596149698615907,-0.03936615948698433,-0.011787936173918165,-0.013776321367423619,-2.8806584362139844,1.6569762153702066,3.039910431785509,0.039908802976789046,2.4098235501803886,,2.199052132701422,1.0
2,ret,7.0,120.81531531531532,1.0,1.5234077105203792,1.4100958166343227,0.4056476493032381,6.318581144992201,63.37448559670782,13.093151659639947,24.327276145515718,0.7876347875855783,17.580707711164695,0.8428416371869982,2.199052132701422,1.0
3,bas,7.0,118.77830188679245,3.0,1.5799514529515446,1.4417869368463876,0.3541644716430339,6.320339250673395,66.52542372881356,9.053236940299838,16.747896538679413,0.657567701992799,11.019275263541775,0.8396895840922354,2.199052132701422,1.0
4,diff,7.0,118.77830188679245,3.0,-0.10951448599538703,-0.09766969123197347,0.2624555810991703,0.03890171176832899,-16.525423728813564,7.881770790462221,14.828817330419195,0.3189640357563505,13.626552875987747,,2.199052132701422,1.0
5,ret,7.0,118.77830188679245,3.0,1.4704369669561574,1.3441172456144141,0.6166200527422042,6.337162014668508,50.0,16.93500773076206,31.576713869098608,0.9765317377491496,24.645828139529524,0.8369544970137744,2.199052132701422,1.0
6,bas,7.0,122.01851851851852,6.0,1.578728000959475,1.4642946937637003,0.4047799013819823,6.30313408088114,67.08860759493672,12.78170144602844,23.907108531060686,0.7399517329841956,17.241134476547725,0.828594974756014,2.199052132701422,1.0
7,diff,7.0,122.01851851851852,6.0,-0.1307421082995886,-0.16436287897340365,0.213264794049717,0.22675608940464492,-18.565400843881868,1.0706215676192574,1.618182792941801,0.20558331654296833,2.082169394246042,,2.199052132701422,1.0
8,ret,7.0,122.01851851851852,6.0,1.4479858926598865,1.2999318147902965,0.6180446954316993,6.347097922007378,48.52320675105485,13.852323013647698,25.52529132400249,0.9455350495271638,19.323303870793765,0.8465280735350219,2.199052132701422,1.0
0,bas,10.0,102.84946236559139,1.0,1.5015171857069132,1.2085420232766042,0.30264476930241424,5.577796844940447,68.44660194174757,4.60251021944602,9.196462440285325,0.6521183079292996,5.313992507919799,0.7334981280869622,1.9811594202898548,1.0
1,diff,10.0,102.84946236559139,1.0,-0.054132195315844296,-0.0961124808933519,0.08609574899548329,0.3501551056499121,-7.281553398058256,0.0392417757481054,0.02408429178627488,0.1218124936470336,0.38841723357130226,,1.9811594202898548,1.0
2,ret,10.0,102.84946236559139,1.0,1.4473849903910687,1.1124295423832522,0.3887405182978975,5.633951084285099,61.16504854368932,4.6417519951941255,9.2205467320716,0.7739308015763332,5.702409741491102,0.7333785603770784,1.9811594202898548,1.0
3,bas,10.0,99.43406593406593,3.0,1.4885232655493128,1.1760855244739745,0.2915594600630246,5.624798704003958,67.33668341708542,4.2545879017818065,8.471736928968925,0.612735753201749,4.857235663834668,0.7301929215602099,1.9811594202898548,1.0
4,diff,10.0,99.43406593406593,3.0,-0.015164854633117331,-0.018151991780092382,0.07153865921121846,0.10553191704731457,-4.522613065326624,0.43958102111916114,0.8878867568545168,0.05302512240284878,0.9376964090964457,,1.9811594202898548,1.0
5,ret,10.0,99.43406593406593,3.0,1.4733584109161955,1.1579335326938822,0.363098119274243,5.458647671602157,62.81407035175881,4.6941689229009675,9.359623685823443,0.6657608756045978,5.794932072931114,0.7279523714807762,1.9811594202898548,1.0
6,bas,10.0,97.21621621621621,6.0,1.453915456014911,1.123046846410927,0.31540641217347326,5.791604917210961,65.48223350253807,4.203277892660203,8.292132756476144,0.6370267585646427,4.90354767419155,0.7231056481345598,1.981159420289855,1.0
7,diff,10.0,97.21621621621621,6.0,0.03086582887949951,0.04988608136175856,0.004222725535492088,-0.12499869540199952,-1.015228426395936,0.042155919513298806,0.22701263985488268,-0.03172238187623846,0.0333103909932398,,1.981159420289855,1.0
8,ret,10.0,97.21621621621621,6.0,1.4847812848944106,1.1729329277726854,0.3196291377089653,5.784589519836213,64.46700507614213,4.245433812173501,8.519145396331027,0.6053043766884043,4.93685806518479,0.7098939461916023,1.981159420289855,1.0
0,bas,11.0,78.23239436619718,1.0,1.296972847439397,1.2996805374853193,0.31241862126263975,5.996139305475381,66.87898089171973,9.729192133424355,19.441187167799473,0.7990850621363679,12.709016421204511,0.7613693456039533,1.8635607321131447,1.0
1,diff,11.0,78.23239436619718,1.0,0.025838118313073703,-0.003100116624366109,-0.004467980852559019,-0.2534370667937547,0.0,-1.2126963393866623,-2.5946090538760083,-0.04556920347220561,-2.2700988645173794,,1.8635607321131447,1.0
2,ret,11.0,78.23239436619718,1.0,1.3228109657524707,1.2965804208609533,0.30795064041008074,5.81132565734307,66.87898089171973,8.516495794037693,16.84657811392346,0.7535158586641623,10.438917556687132,0.7550866533420084,1.8635607321131447,1.0
3,bas,11.0,81.57534246575342,3.0,1.4346452553758517,1.4825665432930961,0.2800123243240105,5.810530493253971,69.51219512195121,10.054280363963723,20.36803577745184,0.6908265014669398,12.674208509749262,0.7974150075720584,1.8635607321131447,1.0
4,diff,11.0,81.57534246575342,3.0,-0.10293277111144837,-0.17609867893122721,0.06856542508256853,0.06706137788287433,-6.707317073170721,-0.06609623368157345,-0.4192631072514293,0.14990374019285393,0.581915864061701,,1.8635607321131447,1.0
5,ret,11.0,81.57534246575342,3.0,1.3317124842644033,1.306467864361869,0.3485777494065791,5.815620288316333,62.80487804878049,9.98818413028215,19.948772670200412,0.8407302416597937,13.256124373810962,0.7810631269896042,1.8635607321131447,1.0
6,bas,11.0,80.92465753424658,6.0,1.3590338038498304,1.3807731335314997,0.3447373254733322,5.929477890975578,62.19512195121951,11.209865484991575,22.5179960074546,0.7899015329740128,15.022430412608644,0.7764752305276781,1.8635607321131447,1.0
7,diff,11.0,80.92465753424658,6.0,0.014200189756416747,-0.02414284646565011,-0.05816347846472748,-0.5988966655891397,6.09756097560976,-2.0752600780610915,-4.308965139283479,-0.07396846561610708,-3.4913153041361236,,1.8635607321131447,1.0
8,ret,11.0,80.92465753424658,6.0,1.3732339936062472,1.3566302870658493,0.2865738470086047,5.892187366090944,68.29268292682927,9.134605406930483,18.209030868171123,0.7159330673579056,11.531115108472521,0.7743192276839532,1.8635607321131447,1.0
0,bas,16.0,62.283185840707965,1.0,0.5861078692715224,0.7170024646188368,0.3098442441857548,5.961147199856985,67.2,8.485700906988958,16.520173918150608,0.5853903229825232,10.229214102591646,0.5914512693116688,2.1316931982633864,1.0
1,diff,16.0,62.283185840707965,1.0,-0.11104697435711978,-0.15446105061487594,0.14948464076905865,0.013917647883197513,-11.199999999999996,0.8984524611666378,2.053918358139825,0.11242833029383717,2.580060333148656,,2.1316931982633864,1.0
2,ret,16.0,62.283185840707965,1.0,0.4750608949144026,0.5625414140039608,0.4593288849548135,5.983612286736331,56.00000000000001,9.384153368155598,18.574092276290436,0.6978186532763605,12.809274435740305,0.6397944946165863,2.1316931982633864,1.0
3,bas,16.0,60.345454545454544,3.0,0.5478373945994144,0.6473224333740577,0.4218880073781024,5.715011372654399,59.83606557377049,10.85037177352121,21.183571002722946,0.6936078172804979,14.99999251257812,0.6336297289177711,2.1316931982633864,1.0
4,diff,16.0,60.345454545454544,3.0,-0.011917777324434303,-0.01796724234380377,0.10954934992526952,0.26593239326340967,-13.934426229508198,0.09497179633872024,0.13206126981628077,0.09724374609493573,0.25435671571307766,,2.1316931982633864,1.0
5,ret,16.0,60.345454545454544,3.0,0.5359196172749802,0.6293551910302538,0.5314373573033719,6.087350612275074,45.90163934426229,10.945343569859931,21.31563227253923,0.7908515633754336,15.254349228291197,0.6281039210034263,2.1316931982633864,1.0
6,bas,16.0,70.35384615384615,6.0,0.5790222130359935,0.6668035697533446,0.4046490566007015,5.861212463788395,58.992805755395686,8.279296199099322,16.15884027255907,0.6490366241356565,10.731697470574787,0.6241874448745477,2.1316931982633864,1.0
7,diff,16.0,70.35384615384615,6.0,-0.08655411653267876,-0.12048296425468584,0.0324139813557404,0.3423021808593278,-4.31654676258993,-0.146068179555876,-0.36130755601766207,0.049698526839643195,-0.10644549321854554,,2.1316931982633864,1.0
8,ret,16.0,70.35384615384615,6.0,0.4924680965033147,0.5463206054986588,0.43706303795644186,6.071838072401608,54.67625899280576,8.133228019543447,15.797532716541404,0.6987351509752997,10.62525197735624,0.6129463426281683,2.1316931982633864,1.0
0,bas,17.0,107.53807106598985,1.0,1.4198411753722726,1.2807775686755174,0.4997077217954982,6.274187568362739,56.018518518518526,9.847276768324338,19.396069509161958,0.7671622651747655,13.90190269890617,0.7928851354940266,2.269662921348315,1.0
1,diff,17.0,107.53807106598985,1.0,-0.11298377661127808,-0.19957400336767867,0.11587036542337957,0.03362646021301669,-6.018518518518526,-0.02761418333702213,-0.03902866957205427,0.12491996168818625,0.6913899763517939,,2.269662921348315,1.0
2,ret,17.0,107.53807106598985,1.0,1.3068573987609946,1.0812035653078387,0.6155780872188777,6.217211932636262,50.0,9.819662584987316,19.357040839589903,0.8920822268629518,14.593292675257965,0.7847742962570423,2.269662921348315,1.0
3,bas,17.0,102.17460317460318,3.0,1.3634837045239356,1.2072725933631414,0.48391632705490784,6.243544615152641,56.31067961165049,9.382565672500291,18.347371139641275,0.7650725020402762,13.005851946932106,0.7800414190499735,2.269662921348315,1.0
4,diff,17.0,102.17460317460318,3.0,0.018555944823461394,-0.06574375845357079,0.19382441721835936,-0.038157078739580325,-10.194174757281552,0.9737748087881365,2.29356404388528,0.18611736606395962,2.7924255713566333,,2.269662921348315,1.0
5,ret,17.0,102.17460317460318,3.0,1.3820396493473968,1.1415288349095705,0.6777407442732672,6.288121981902729,46.116504854368934,10.356340481288427,20.640935183526555,0.9511898681042358,15.798277518288739,0.7866397430454274,2.269662921348315,1.0
6,bas,17.0,99.45604395604396,6.0,1.3769335454151517,1.2508316135981725,0.4463172639044657,6.154685193387943,53.266331658291456,8.526816939458438,16.606584014711306,0.7790422801809755,11.318902682610991,0.8085148596915581,2.269662921348315,1.0
7,diff,17.0,99.45604395604396,6.0,-0.05765819430825512,-0.18024639266477738,0.15480832745484524,0.006488292478551094,-4.0201005025125625,0.08455386339273373,0.13027451490359693,0.0884928015322271,1.143649772899372,,2.269662921348315,1.0
8,ret,17.0,99.45604395604396,6.0,1.3192753511068966,1.0705852209333953,0.601125591359311,6.282540001145627,49.246231155778894,8.611370802851171,16.736858529614903,0.8675350817132026,12.462552455510364,0.7878086368265527,2.269662921348315,1.0
0,bas,19.0,71.74436090225564,1.0,1.391653192981154,1.4934703267907217,0.4384605472383659,5.67498820870068,54.794520547945204,20.08688595479343,41.471736601911594,0.8489745723715609,30.692508586289826,0.7836741453816997,2.0332850940665703,1.0
1,diff,19.0,71.74436090225564,1.0,-0.07075232691928102,-0.04480989567313202,0.013800500908231891,0.05071339519845747,1.3698630136986338,-2.392894679510274,-4.299494695604186,0.020951812801943935,-3.6929222678010944,,2.0332850940665703,1.0
2,ret,19.0,71.74436090225564,1.0,1.3209008660618728,1.4486604311175897,0.4522610481465978,5.797034755265052,56.16438356164384,17.693991275283157,37.172241906307406,0.8699263851735048,26.99958631848873,0.7622218420661996,2.0332850940665703,1.0
3,bas,19.0,67.88888888888889,3.0,1.337201863147439,1.4578211873211793,0.49331027344647876,5.858119833690744,45.25547445255474,15.095216022126957,30.470278598394298,0.8781379191243196,20.766540177108613,0.782227584512352,2.0332850940665703,1.0
4,diff,19.0,67.88888888888889,3.0,-0.05811196664162204,-0.0953213947660714,0.02403558967256548,-0.14835354946402124,4.379562043795623,3.203159237026742,6.114761821377916,0.03220566900768417,6.199970613061204,,2.0332850940665703,1.0
5,ret,19.0,67.88888888888889,3.0,1.2790898965058168,1.3624997925551081,0.5173458631190443,5.761027963600971,49.63503649635037,18.2983752591537,36.58504041977221,0.9103435881320038,26.966510790169817,0.7504543189963335,2.0332850940665703,1.0
6,bas,19.0,62.66379310344828,6.0,1.4269589355965948,1.586654537812023,0.4471580671910691,5.826395309706355,48.031496062992126,17.844135621704517,36.419209998934754,0.848583074318261,24.843854608241948,0.777228846810357,2.0332850940665703,1.0
7,diff,19.0,62.66379310344828,6.0,-0.14402283901976057,-0.21153435588347252,0.19519014539262225,-0.10614871641481434,-6.299212598425199,2.890469966212348,6.522677097306522,0.20223929640674582,7.727170623493141,,2.0332850940665703,1.0
8,ret,19.0,62.66379310344828,6.0,1.2829360965768344,1.3751201819285503,0.6423482125836913,5.810647101341451,41.732283464566926,20.734605587916867,42.94188709624127,1.0508223707250068,32.57102523173509,0.7569037350773264,2.0332850940665703,1.0
0,bas,22.0,97.46327683615819,1.0,1.2722857054827958,0.8225507562791293,0.3773623621811688,5.713524669586972,60.30927835051546,3.9762364751710364,8.010638640928862,0.9045855767390852,5.491552152670825,0.716559230887533,1.4979195561719836,1.0
1,diff,22.0,97.46327683615819,1.0,-0.0036031963118448736,-0.03350548725800403,-0.00790946484915515,-0.31748043727022485,1.0309278350515498,-0.7109208060629681,-1.4952242544112084,-0.10468706849382946,-1.23820882750009,,1.4979195561719836,1.0
2,ret,22.0,97.46327683615819,1.0,1.268682509170951,0.7890452690211254,0.36945289733201364,5.575955407059889,61.34020618556701,3.2653156691080683,6.515414386517653,0.7998985082452558,4.253343325170735,0.7026788700016742,1.4979195561719836,1.0
3,bas,22.0,94.14444444444445,3.0,1.2835340798279025,0.8536249237243064,0.4126639287067921,5.76461978520411,57.59162303664921,3.8255593122125453,7.597587685351075,0.8443062799677359,5.026259759470302,0.6993630526017599,1.4979195561719831,1.0
4,diff,22.0,94.14444444444445,3.0,-0.03831271262149662,-0.12620673016673375,-0.034276304380610585,0.1456914900623611,3.664921465968589,-0.6465326276158542,-1.306220841025442,0.0006353401302025428,-0.8083508525415068,,1.4979195561719831,1.0
5,ret,22.0,94.14444444444445,3.0,1.2452213672064059,0.7274181935575725,0.37838762432618145,5.759101103678056,61.25654450261781,3.179026684596691,6.291366844325633,0.8449416200979384,4.217908906928796,0.6940670453989369,1.4979195561719831,1.0
6,bas,22.0,93.21301775147928,6.0,1.316108400324107,0.8919054710948673,0.3695081107123212,5.781453932360885,60.42780748663102,3.6801410280401816,7.301299426280828,0.7577530770634161,4.684333419991147,0.714389162431795,1.4979195561719834,1.0
7,diff,22.0,93.21301775147928,6.0,-0.03829318733897475,-0.11533041650490071,-0.005818189964553697,-0.04199359257085372,1.069518716577548,-0.8455497569125661,-1.7330209778477936,-0.0549405607967723,-1.1692716981679805,,1.4979195561719834,1.0
8,ret,22.0,93.21301775147928,6.0,1.2778152129851321,0.7765750545899667,0.3636899207477675,5.742771800073155,61.49732620320856,2.8345912711276156,5.568278448433033,0.7028125162666438,3.515061721823166,0.6921512693738505,1.4979195561719834,1.0
0,bas,23.0,101.94565217391305,1.0,1.2448557456289826,1.2554190065561128,0.248081533991032,6.083341970908548,77.11442786069652,11.667061152504742,22.83937865812162,0.5701940644849536,15.561524030107261,0.7902200011923249,1.82,1.0
1,diff,23.0,101.94565217391305,1.0,0.04444900417590282,0.047552624942728494,-0.02247748482250586,0.049883608978813825,0.4975124378109399,-2.524596299378051,-4.800870725380102,-0.078313873334415,-4.680982114768239,,1.82,1.0
2,ret,23.0,101.94565217391305,1.0,1.2893047498048855,1.3029716314988413,0.22560404916852614,6.13065605317307,77.61194029850746,9.142464853126688,18.03850793274152,0.4918801911505386,10.880541915339021,0.793007362847352,1.82,1.0
3,bas,23.0,92.25149700598803,3.0,1.2265906786366187,1.2150637896880627,0.19117451652123757,6.263208218385358,83.06010928961749,9.95793300473261,19.250872742451715,0.47211877389590584,12.78497041411777,0.7815486293389858,1.82,1.0
4,diff,23.0,92.25149700598803,3.0,0.023051267598132304,0.006741642690568555,0.14010515369894244,-0.01436153472283852,-10.382513661202182,2.6919118499895025,5.335597962170181,0.149064118521486,4.994627628698065,,1.82,1.0
5,ret,23.0,92.25149700598803,3.0,1.249641946234751,1.2218054323786314,0.33127967022017996,6.211773708829549,72.6775956284153,12.649844854722113,24.5864707046219,0.6211828924173919,17.779598042815838,0.7787377551669729,1.82,1.0
6,bas,23.0,91.6951219512195,6.0,1.2420890270296845,1.2534317249976274,0.23894299924358872,6.129032325566247,79.44444444444444,9.837508112531884,19.480844384763135,0.5311435999298425,12.55825944695016,0.7766624135599959,1.82,1.0
7,diff,23.0,91.6951219512195,6.0,0.021612651223912777,-0.02832959306771692,-0.033062520663526204,-0.4155153842784677,1.1111111111111143,-0.4266890425832708,-0.6701288022943683,-0.029391556157134263,-0.03381393457322229,,1.82,1.0
8,ret,23.0,91.6951219512195,6.0,1.263701678253597,1.2251021319299107,0.2058804785800625,6.068685280775233,80.55555555555556,9.410819069948612,18.810715582468767,0.5017520437727082,12.524445512376937,0.7558903580295532,1.82,1.0
