,performance,bas_ret_diff,sub_id,trial_n,exponent,offset,power,cf,peak_perc,bandpower,auc,auc_log_osc,auc_lin_osc,r2s,wm_capacity,osc_presence
0,good,bas,1.0,74.34057971014492,1.3140633850500385,0.984861626034721,0.29414829085009125,5.8646199774995615,68.66666666666667,3.937756799325789,8.223850126254181,0.6152801031046472,5.152857737976433,0.7649475702015675,3.0037037037037035,1.0
1,good,diff,1.0,74.34057971014492,0.004993100028443773,-0.01964107663309003,-0.051673462076792284,0.25764919919601487,8.0,-0.3215171854276374,-0.7251072864142949,-0.05826462301922031,-0.5384855416998316,,3.0037037037037035,1.0
2,good,ret,1.0,74.34057971014492,1.3190564850784823,0.9652205494016312,0.2424748287732989,6.058257278507815,76.66666666666667,3.616239613898151,7.4987428398398865,0.557015480085427,4.614372196276602,0.746521155989188,3.0037037037037035,1.0
3,poor,bas,1.0,67.5923076923077,1.3571565144976685,1.033783326350952,0.20496258381823682,6.236298736610553,79.85611510791367,4.043034553201887,8.370240563819992,0.5218185107164692,5.244034803572269,0.7492027655347222,3.0037037037037035,1.0
4,poor,diff,1.0,67.5923076923077,-0.15727868146944535,-0.20408625153308427,0.1768372586722379,-0.23342531320473286,-19.424460431654673,0.06612440874896143,0.17696447093173734,0.18562466322072782,0.5712801225621775,,3.0037037037037035,1.0
5,poor,ret,1.0,67.5923076923077,1.1998778330282234,0.8296970748178679,0.3817998424904747,5.970728054290949,60.431654676258994,4.109158961950849,8.547205034751729,0.707443173937197,5.815314926134447,0.7320054955138497,3.0037037037037035,1.0
0,good,bas,2.0,64.83898305084746,1.038388480312999,0.6860807395188856,0.2796729506860199,5.825251238542654,69.53125,3.3094727167924156,6.551293593015488,0.6207640249753448,3.9623694083121324,0.663617263386598,2.9611111111111117,1.0
1,good,diff,2.0,64.83898305084746,0.07598466827661896,0.06373877646126633,0.05776575550923502,0.2407105881704763,-1.5625,0.2095679167652623,0.351671162751016,0.015797206176440554,0.43003936516395663,,2.9611111111111117,1.0
2,good,ret,2.0,64.83898305084746,1.1143731485896178,0.749819515980152,0.33743870619525496,6.085582247707511,67.96875,3.5190406335576783,6.9029647557665035,0.6365612311517852,4.392408773476089,0.6895198604333911,2.9611111111111117,1.0
3,poor,bas,2.0,60.93805309734513,1.1296072920423859,0.7580933534457943,0.33832055534290145,6.016706730656506,64.75409836065575,4.052887869121288,8.155301026317142,0.7417167562627146,5.268993496102017,0.7018476981013541,2.9611111111111112,1.0
4,poor,diff,2.0,60.93805309734513,-0.017330931308513504,-0.042185606588402806,-0.07056951239472835,-0.14673568397800082,8.1967213114754,-1.1205070511981068,-2.3411586602782672,-0.23372594600558694,-1.8475301172051646,,2.9611111111111112,1.0
5,poor,ret,2.0,60.93805309734513,1.1122763607338724,0.7159077468573914,0.26775104294817315,6.159530695602076,72.95081967213115,2.932380817923182,5.814142366038874,0.5079908102571278,3.4214633788968527,0.6955700901701343,2.9611111111111112,1.0
0,good,bas,3.0,90.19018404907976,1.0245776190606648,0.9120097872251143,0.2628626160786128,6.01508535086091,73.59550561797754,6.043809822381168,11.071109398801338,0.4001494397082771,6.872322242385655,0.733639484968897,3.5537037037037043,1.0
1,good,diff,3.0,90.19018404907976,-0.1105560242613873,-0.15999704033215703,0.01701995425271148,0.1427333025522417,-0.5617977528089995,-0.8554518250696111,-1.573139324160677,0.04779373893101684,-0.8267732064819575,,3.5537037037037043,1.0
2,good,ret,3.0,90.19018404907976,0.9140215947992775,0.7520127468929572,0.27988257033132424,6.184315201586292,73.03370786516854,5.188357997311557,9.497970074640662,0.44794317863929395,6.045549035903697,0.7179497111520217,3.5537037037037043,1.0
3,poor,bas,3.0,28.19607843137255,1.0619322522430035,0.9407811460206673,0.21484071254668563,6.100313964380403,73.68421052631578,4.728129930375899,9.023813055061128,0.2287771650305162,4.937338491634205,0.7379260255114094,3.5537037037037034,1.0
4,poor,diff,3.0,28.19607843137255,-0.1824183569573842,-0.25466301626240506,0.02088143780399813,0.06881979517760195,3.508771929824562,-0.37708680084014984,-0.9351927408090016,0.22869948433199885,-0.07581433936537363,,3.5537037037037034,1.0
5,poor,ret,3.0,28.19607843137255,0.8795138952856193,0.6861181297582623,0.23572215035068375,5.571156118238753,77.19298245614034,4.35104312953575,8.088620314252125,0.45747664936251503,4.8615241522688315,0.7079285350119344,3.5537037037037034,1.0
0,good,bas,4.0,33.274193548387096,1.0020006782911433,1.1343508641901,0.15791532212553538,6.200478562466392,83.5820895522388,7.5814529899398595,14.66379732016512,0.32891349016749355,8.004510672952396,0.723037424650263,2.544444444444444,1.0
1,good,diff,4.0,33.274193548387096,0.06558371038555738,-0.012197304198577444,-0.04167720568157181,-1.255163690086137,1.4925373134328481,-2.462942515387735,-4.830650077945925,-0.08745071504082054,-3.7826757891391756,,2.544444444444444,1.0
2,good,ret,4.0,33.274193548387096,1.0675843886767005,1.1221535599915224,0.11623811644396356,5.79300967945555,85.07462686567165,5.118510474552124,9.833147242219194,0.241462775126673,4.22183488381322,0.6753427933523225,2.544444444444444,1.0
3,poor,bas,4.0,99.43010752688173,1.0188730739389489,1.1403119277719365,0.11034041195176009,5.971988220783697,84.0,6.023136793903933,11.710805267567396,0.29033129005932845,5.266606564702285,0.7085436684106673,2.5444444444444443,1.0
4,poor,diff,4.0,99.43010752688173,0.022445972588446973,-0.05098270993022312,0.022018347784131857,-0.18662732101549917,-0.5,-1.0365599552464841,-1.9054500921628654,0.009904809398817825,-0.9008200540946383,,2.5444444444444443,1.0
5,poor,ret,4.0,99.43010752688173,1.0413190465273958,1.0893292178417133,0.13235875973589192,5.659097269002208,83.5,4.986576838657449,9.80535517540453,0.3002360994581463,4.365786510607648,0.7161275716174096,2.5444444444444443,1.0
0,good,bas,8.0,51.23076923076923,1.367017246480522,1.1813312670824758,0.3310834641009992,6.006841205347723,64.07766990291263,5.537047534780826,10.716439771005152,0.5898328517385203,6.383454276173816,0.7947247964462387,2.7185185185185183,1.0
1,good,diff,8.0,51.23076923076923,-0.012489153407094068,-0.003413896568542452,-0.05483055739481887,0.2703243570764694,5.825242718446589,-0.059884399216086355,-0.1776675199587763,-0.01940049770551126,-0.030580753863891613,,2.7185185185185183,1.0
2,good,ret,8.0,51.23076923076923,1.3545280930734278,1.1779173705139334,0.2762529067061803,5.823480925816623,69.90291262135922,5.47716313556474,10.538772251046375,0.5704323540330091,6.352873522309925,0.7967948073247783,2.7185185185185183,1.0
3,poor,bas,8.0,97.12021857923497,1.3078883395847094,1.1325910177013971,0.31404348815362765,5.803438368021721,65.48223350253807,6.156061734662166,12.00535057493236,0.6539819203459086,7.644922423343762,0.7714848431665667,2.7185185185185183,1.0
4,poor,diff,8.0,97.12021857923497,-0.01019848630039751,-0.03954889790794992,-0.03921321235044857,-0.05095740801829739,4.568527918781726,-0.8076890230704419,-1.566308684033143,-0.11568962617005081,-1.2486171355999542,,2.7185185185185183,1.0
5,poor,ret,8.0,97.12021857923497,1.2976898532843117,1.093042119793447,0.2748302758031791,5.939732032434767,70.05076142131979,5.348372711591724,10.439041890899217,0.5382922941758578,6.396305287743808,0.7715598817176611,2.7185185185185183,1.0
0,good,bas,10.0,22.714285714285715,1.6068533177163475,1.2979482468535268,0.3259561955185326,5.71368434136417,63.04347826086957,4.4868019143747695,9.115232492888785,0.6461380177647136,5.285422116914117,0.7661943722655506,2.401174168297456,1.0
1,good,diff,10.0,22.714285714285715,-0.040068675379838416,-0.06914534644128364,-0.006654303375159397,1.0602779728024718,-2.173913043478258,-0.9808005041653063,-2.15388391469782,-0.17164414315405668,-1.502907421818768,,2.401174168297456,1.0
2,good,ret,10.0,22.714285714285715,1.566784642336509,1.2288029004122432,0.31930189214337323,5.70453544234394,60.86956521739131,3.5060014102094628,6.961348578190964,0.4744938746106569,3.782514695095349,0.7537005391343365,2.401174168297456,1.0
3,poor,bas,10.0,100.72486772486772,1.5383237205208542,1.240801544436615,0.3397106989498853,5.490758423001721,60.29411764705882,5.087209611326557,10.185136402465353,0.7096867584218838,6.278554994228636,0.7572969529840774,2.401174168297456,1.0
4,poor,diff,10.0,100.72486772486772,-0.05531575646610523,-0.10997859189090636,0.015023396391244647,-0.12593608355555141,0.4901960784313744,-1.0423943790667025,-2.188298606641397,-0.04328586383036155,-1.4817409641656665,,2.401174168297456,1.0
5,poor,ret,10.0,100.72486772486772,1.4830079640547487,1.1308229525457087,0.35473409534113,5.475173060917515,60.78431372549019,4.044815232259855,7.996837795823955,0.6664008945915222,4.79681403006297,0.7416390167899504,2.401174168297456,1.0
0,good,bas,11.0,44.32941176470588,1.0808395471283057,0.8921738698711679,0.35436145839210237,5.730354661815637,62.63736263736264,5.447673491663293,11.11759294551419,0.6321921323620755,7.240251394410985,0.6316418050627653,2.5425925925925927,1.0
1,good,diff,11.0,44.32941176470588,-0.038632582694113,-0.10406396648399314,0.0024714921864994075,-0.1567112726822867,3.2967032967032917,-0.1200537840694107,-0.5153801295273821,0.16462351990295898,-0.11040438196781867,,2.5425925925925927,1.0
2,good,ret,11.0,44.32941176470588,1.0422069644341925,0.7881099033871749,0.35683295057860176,5.680468771063727,65.93406593406593,5.327619707593882,10.602212815986807,0.7968156522650344,7.129847012443166,0.6353915554566261,2.5425925925925927,1.0
3,poor,bas,11.0,117.76681614349776,0.9990679969320705,0.8107383613518422,0.3595866857069608,5.573797511725453,60.416666666666664,4.758820578890512,9.414032715341406,0.6749948485972601,5.827867612590966,0.6327886895596875,2.5425925925925927,1.0
4,poor,diff,11.0,117.76681614349776,0.0915985826332323,0.03695747481391363,-0.0040198079288084965,0.027812529042326596,-0.41666666666666435,-0.3140458938893202,-0.7315965749063783,-0.03565181615486137,-0.463158862321994,,2.5425925925925927,1.0
5,poor,ret,11.0,117.76681614349776,1.0906665795653028,0.8476958361657557,0.35556687777815227,5.559651268134714,60.0,4.444774685001191,8.682436140435028,0.6393430324423988,5.364708750268972,0.6305847578416741,2.5425925925925927,1.0
0,good,bas,12.0,132.2655601659751,1.1516379088266047,0.6861927700313604,0.22475504543643496,5.651145552954974,73.48484848484848,2.1957499831215146,4.424892931076298,0.5404317755557394,2.437068907085456,0.5965338993094661,3.4814814814814814,1.0
1,good,diff,12.0,132.2655601659751,-0.03667485419083781,-0.09839129451432271,0.11212418356557409,0.1994757065682843,-10.606060606060609,-0.1037716354345176,-0.24382449301396847,0.10076590093172737,0.0745662124851075,,3.4814814814814814,1.0
2,good,ret,12.0,132.2655601659751,1.1149630546357672,0.5878014755170377,0.33687922900200906,5.57296187135482,62.878787878787875,2.091978347686997,4.181068438062329,0.6411976764874667,2.5116351195705633,0.6106660728342582,3.4814814814814814,1.0
3,poor,bas,12.0,41.36363636363637,1.2797779478256934,0.8353110051390342,0.1697652657599019,5.585337524687301,78.3132530120482,2.093067652392478,4.113674276635506,0.4313167321732358,1.9511010998695157,0.6073548606855717,3.4814814814814814,1.0
4,poor,diff,12.0,41.36363636363637,-0.16286719130251728,-0.24369891442218944,0.13755076786424414,-0.23036026008209554,-7.228915662650608,0.1631923267979835,0.5576214663147,0.21736825280128905,0.9577075017569221,,3.4814814814814814,1.0
5,poor,ret,12.0,41.36363636363637,1.1169107565231764,0.5916120907168448,0.307316033624146,5.60311271503834,71.08433734939759,2.256259979190461,4.671295742950206,0.6486849849745248,2.908808601626438,0.5962313256485565,3.4814814814814814,1.0
0,good,bas,27.0,21.365853658536587,1.1422173819373536,1.0133590982249907,0.3280484636542832,5.780817549439732,63.63636363636363,6.032598771395688,11.807124261641091,0.6646989728022645,7.109461507329894,0.6513176903002037,2.3981481481481484,1.0
1,good,diff,27.0,21.365853658536587,-0.018927751647400733,-0.007122376426738203,0.04937772354948397,-0.30059618141103783,-4.54545454545454,0.07453054478304535,0.431160404411031,0.07504324524179025,0.5194884963517783,,2.3981481481481484,1.0
2,good,ret,27.0,21.365853658536587,1.1232896302899529,1.0062367217982524,0.37742618720376714,5.61464224552334,59.09090909090909,6.1071293161787334,12.238284666052124,0.7397422180440548,7.628950003681673,0.6565357016788774,2.3981481481481484,1.0
3,poor,bas,27.0,95.26136363636364,1.0188163846191953,0.8933375536832511,0.2565900177314949,5.660501551504256,68.06282722513089,4.644270299623572,9.296844839993602,0.5387109034084828,5.216287225263015,0.6324275427299716,2.3981481481481484,1.0
4,poor,diff,27.0,95.26136363636364,-0.08235636897542255,-0.06138272862838139,0.1252263870072188,0.11243771349747954,-7.329842931937171,0.8893757750074672,1.7718311777923332,0.15618831820188014,1.599039824279238,,2.3981481481481484,1.0
5,poor,ret,27.0,95.26136363636364,0.9364600156437727,0.8319548250548696,0.38181640473871375,5.868792382897379,60.73298429319371,5.533646074631039,11.068676017785934,0.694899221610363,6.815327049542253,0.6056721593318085,2.3981481481481484,1.0
0,good,bas,30.0,21.475,0.832646605443925,0.6182887961649384,0.2472779455844633,5.8536338047112935,72.72727272727273,3.6236056003509987,7.170411989892062,0.5880660742153496,4.056516692655188,0.5536042239330891,2.1296296296296298,1.0
1,good,diff,30.0,21.475,0.059204292921823776,0.05760585954081342,0.032529409361238056,-0.7243022427109995,0.0,0.5712705277474524,1.1703227227843453,0.07712551796710553,1.267598078225987,,2.1296296296296298,1.0
2,good,ret,30.0,21.475,0.8918508983657487,0.6758946557057517,0.2798073549457014,5.812204372115043,72.72727272727273,4.194876128098451,8.340734712676406,0.6651915921824553,5.324114770881175,0.5980569720935968,2.1296296296296298,1.0
3,poor,bas,30.0,106.28571428571429,0.9888570221146628,0.797748678838166,0.2241850451747891,6.060632840361462,74.64788732394366,3.6079452129696694,7.085948568769217,0.39731555209764813,3.6788035682614755,0.5922025697710169,2.1296296296296298,1.0
4,poor,diff,30.0,106.28571428571429,-0.03914680104646765,-0.06830571603441893,0.05521742843254155,-0.27731596063999386,-6.103286384976528,-0.01399301186891482,0.09977595957200111,0.12199530783265768,0.23180094306845972,,2.1296296296296298,1.0
5,poor,ret,30.0,106.28571428571429,0.949710221068195,0.7294429628037472,0.27940247360733067,5.960175654638932,68.54460093896714,3.5939522011007545,7.185724528341217,0.5193108599303058,3.910604511329935,0.6153311778795263,2.1296296296296298,1.0
0,good,bas,31.0,39.60526315789474,1.6591039691303717,1.337407747879968,0.27800907318861023,5.72476005012737,70.37037037037037,4.625803316107309,9.27255737944491,0.5435535245579284,5.5396605607096925,0.7964416514704511,2.55,1.0
1,good,diff,31.0,39.60526315789474,-0.05469568975227148,-0.15760534114977265,0.07113778454929492,-0.19342273872729876,-7.407407407407406,0.5618283067442245,1.2645780507419389,0.2418852420272027,1.7336400171871067,,2.55,1.0
2,good,ret,31.0,39.60526315789474,1.6044082793781003,1.1798024067301953,0.3491468577379052,5.894887355614074,62.96296296296296,5.187631622851533,10.537135430186847,0.785438766585131,7.273300577896799,0.7780688936660919,2.55,1.0
3,poor,bas,31.0,117.88940092165899,1.579800081517079,1.2265664913448058,0.2430383406841693,5.9000622044497675,70.76271186440678,4.360929332750989,8.976759409103721,0.48298987973962687,5.477917675388795,0.7874435271838681,2.5499999999999994,1.0
4,poor,diff,31.0,117.88940092165899,0.06879404638470851,0.019417306622552373,0.04670596927771995,-0.24858653628873356,-2.118644067796623,0.4358809897465222,0.9119579703161882,0.16825917478870953,1.0820588172441856,,2.5499999999999994,1.0
5,poor,ret,31.0,117.88940092165899,1.6485941279017875,1.245983797967358,0.28974430996188927,5.692673779897729,68.64406779661016,4.796810322497512,9.88871737941991,0.6512490545283364,6.559976492632982,0.7938179779398075,2.5499999999999994,1.0
0,good,bas,34.0,43.794871794871796,1.2358559626359122,0.8780822149002426,0.27197716227701146,5.517323635357729,67.81609195402298,3.2110778807271223,6.508558309367939,0.5653739406151381,3.8287608668243487,0.7482688594467856,2.5148148148148146,1.0
1,good,diff,34.0,43.794871794871796,-0.1080563806685628,-0.20732054196526947,0.017762207819646186,0.15124292255836336,1.1494252873563369,-0.5348747073416801,-1.114985889453763,0.12781192872382444,-0.4924858519485791,,2.5148148148148146,1.0
2,good,ret,34.0,43.794871794871796,1.1277995819673496,0.6707616729349731,0.2897393700966577,5.694476261206233,68.96551724137932,2.676203173385442,5.393572419914176,0.6931858693389625,3.3362750148757696,0.7351198528068635,2.5148148148148146,1.0
3,poor,bas,34.0,123.30454545454545,1.1281453862306454,0.7250957669919318,0.2455258801677412,5.9235082545908595,70.66115702479338,2.675737944312491,5.33691433335892,0.5634241376663222,3.1480908002534385,0.7341516829908525,2.5148148148148146,1.0
4,poor,diff,34.0,123.30454545454545,-0.044503483303909325,-0.09551446221367724,0.12221616889763073,-0.21293928899038614,-12.396694214876035,0.16956588603553727,0.4915702655454094,0.21025395391031337,0.6698200912327817,,2.5148148148148146,1.0
5,poor,ret,34.0,123.30454545454545,1.083641902926736,0.6295813047782545,0.36774204906537195,5.792251168505777,58.26446280991735,2.8453038303480285,5.828484598904329,0.7736780915766355,3.8179108914862203,0.7328507747580045,2.5148148148148146,1.0
0,good,bas,38.0,49.96666666666667,1.1040418328075021,0.7742097226645949,0.30848965758910274,6.048761138150301,67.67676767676768,3.674055602106514,7.20472137775219,0.6481381935650612,4.492865705697075,0.7220444913053518,2.748148148148148,1.0
1,good,diff,38.0,49.96666666666667,0.006621313624341336,0.006130172038320312,-0.10358672055605776,0.07012187376797106,8.080808080808069,-0.42890332251982766,-0.5753090210983112,-0.07173419874856823,-0.5131281091835147,,2.748148148148148,1.0
2,good,ret,38.0,49.96666666666667,1.1106631464318435,0.7803398947029152,0.20490293703304502,5.95390342593103,75.75757575757575,3.2451522795866867,6.629412356653879,0.576403994816493,3.9797375965135604,0.7514301273963098,2.748148148148148,1.0
3,poor,bas,38.0,72.66923076923077,1.1786105775834712,0.839232910518384,0.3080158325920578,5.926906343054053,65.51724137931035,3.7310588148252197,7.492378190381087,0.6245448519818763,4.811545696479758,0.7351457565313844,2.748148148148148,1.0
4,poor,diff,38.0,72.66923076923077,0.015412290085469859,0.04319411820660861,0.0052041668786288854,0.10564290752740339,-2.068965517241381,-0.33695804108139377,-0.7790843546644802,-0.07153834442228393,-0.8774178829356027,,2.748148148148148,1.0
5,poor,ret,38.0,72.66923076923077,1.1940228676689413,0.8824270287249927,0.3132199994706867,6.193461521395046,63.44827586206897,3.394100773743826,6.713293835716606,0.5530065075595922,3.934127813544155,0.7596882773472942,2.748148148148148,1.0
0,good,bas,39.0,28.618181818181817,1.188728395674738,1.2584997286622561,0.20111035260431487,6.328012266251627,75.40983606557377,6.7419292246179205,13.541554554884051,0.3480158590764796,7.065377379095642,0.7721171225443665,2.4703703703703708,1.0
1,good,diff,39.0,28.618181818181817,0.11540071463328082,0.12670976635956316,-0.025883375996075816,-0.9909959633750282,-3.278688524590166,0.8289131500305429,1.543144946657599,-0.0012814009154437534,0.7326609290159211,,2.4703703703703708,1.0
2,good,ret,39.0,28.618181818181817,1.304129110308019,1.3852094950218192,0.17522697660823902,5.331793210093873,72.1311475409836,7.570842374648463,15.08469950154165,0.3467344581610358,7.798038308111562,0.7526458658167138,2.4703703703703708,1.0
3,poor,bas,39.0,115.62857142857143,1.1590695448424293,1.245669979844004,0.24798572165213986,5.792523499779441,68.96551724137932,7.268900623504722,14.522027076268687,0.4790924533630964,7.547384498762791,0.7383498009513516,2.47037037037037,1.0
4,poor,diff,39.0,115.62857142857143,0.08547543295477321,0.07271103883536931,0.01760375303467786,0.16898688054223882,2.155172413793096,1.359464763339192,2.62577004286029,-0.001931221611431204,2.231234772051811,,2.47037037037037,1.0
5,poor,ret,39.0,115.62857142857143,1.2445449777972024,1.3183810186793734,0.2655894746868177,5.717413430388603,71.12068965517241,8.628365386843914,17.147797119128978,0.47716123175166525,9.778619270814604,0.7471338207335825,2.47037037037037,1.0
0,good,bas,40.0,38.289855072463766,1.2420694887797952,1.1431065137532457,0.3938327269955605,5.447685877287338,55.26315789473685,7.694839325473832,15.409247764573296,0.8356762792590068,10.267027617749793,0.7466349463970318,2.475925925925926,1.0
1,good,diff,40.0,38.289855072463766,-0.09364204560494398,-0.17775833727219562,-0.0030041516489369958,0.570042144519065,1.3157894736841982,-0.7665798890343161,-1.5841562099889053,-0.04372265125153277,-0.6715885289467172,,2.475925925925926,1.0
2,good,ret,40.0,38.289855072463766,1.1484274431748513,0.9653481764810501,0.39082857534662346,5.769354115360916,56.57894736842105,6.928259436439515,13.825091554584391,0.7919536280074742,9.595439088803076,0.7057145721969925,2.475925925925926,1.0
3,poor,bas,40.0,121.67567567567568,1.1467244950528173,1.040197914137851,0.40414648635305966,5.51579022625959,55.91836734693878,7.537383016276959,15.1419888457393,0.8099442163578662,10.106800559505963,0.7255008891411459,2.475925925925926,1.0
4,poor,diff,40.0,121.67567567567568,-0.07745804683457466,-0.16428520164256571,-0.012005732195383163,0.10167579417425737,-2.448979591836739,-2.1473789046730896,-4.336651609870782,-0.09646161534786153,-3.0805023322986,,2.475925925925926,1.0
5,poor,ret,40.0,121.67567567567568,1.0692664482182426,0.8759127124952852,0.3921407541576765,5.5986092879160285,53.46938775510204,5.3900041116038695,10.805337235868517,0.7134826010100047,7.026298227207364,0.6924154107535843,2.475925925925926,1.0
0,good,bas,41.0,51.30769230769231,1.5807557577105005,1.4056798702537794,0.3393716386829327,5.612577742254816,61.76470588235294,7.297717354502238,14.481880804874596,0.665346031654146,9.13353058067371,0.7643294282012674,2.916666666666666,1.0
1,good,diff,41.0,51.30769230769231,0.032122733986499986,-0.03410148749281143,0.05322983860763902,0.4141151017341367,1.9607843137254835,1.2909170973479134,3.1316466933551554,0.034855595027057484,3.160162296686122,,2.916666666666666,1.0
2,good,ret,41.0,51.30769230769231,1.6128784916970005,1.3715783827609682,0.3926014772905717,5.792041371844346,63.72549019607842,8.588634451850151,17.61352749822975,0.7002016266812036,12.293692877359833,0.7658504079761356,2.916666666666666,1.0
3,poor,bas,41.0,54.4,1.5294309465768456,1.33245510387822,0.36230421194903173,5.664464568583109,65.13761467889908,7.6708491785373845,15.623653539389974,0.7042600002861101,10.459997457146379,0.7437142262389828,2.9166666666666665,1.0
4,poor,diff,41.0,54.4,-0.05253673951900659,-0.1315087835410828,0.09830401637920456,0.1296105841437129,-11.009174311926605,-0.9205260114088246,-1.73346611263942,0.13962246694187982,-0.9673364449587399,,2.9166666666666665,1.0
5,poor,ret,41.0,54.4,1.4768942070578392,1.200946320337137,0.4606082283282363,5.579694731567475,54.12844036697248,6.750323167128559,13.890187426750556,0.8438824672279899,9.49266101218764,0.7682508362062032,2.9166666666666665,1.0
0,good,bas,47.0,42.87341772151899,1.273178185564057,1.0595507618911637,0.24846620288308194,6.200607040979963,72.09302325581395,3.8492794167966795,7.504305132445061,0.36498994595125117,3.374116261978532,0.7290725066605124,2.55,1.0
1,good,diff,47.0,42.87341772151899,0.12847416178163437,0.11699193268449208,0.03067157299704811,-0.7326176358659465,-5.813953488372093,0.21567397264317784,0.6025808704254481,0.13698233021934028,0.8791136758472339,,2.55,1.0
2,good,ret,47.0,42.87341772151899,1.4016523473456912,1.1765426945756556,0.27913777588013006,5.9703435885310405,66.27906976744185,4.064953389439856,8.106886002870509,0.5019722761705915,4.253229937825766,0.7608812453332189,2.55,1.0
3,poor,bas,47.0,106.66497461928934,1.3494797893946746,1.0952849051718136,0.26194388403915436,5.902078056320717,69.30232558139535,3.9578593782831275,7.81882376555942,0.4838017750481187,4.350345455487719,0.7407988235197444,2.55,1.0
4,poor,diff,47.0,106.66497461928934,0.03430697737508797,0.01473558641309828,-0.0469509080984944,-0.3469704749286861,4.6511627906976685,-0.19296460547205305,-0.32309987420487635,-0.023592254459237415,-0.4357560886002936,,2.55,1.0
5,poor,ret,47.0,106.66497461928934,1.3837867667697625,1.110020491584912,0.21499297594066,5.743676908816693,73.95348837209302,3.764894772811074,7.495723891354546,0.46020952058888126,3.9145893668874256,0.7540704499849187,2.55,1.0
