,performance,lateralization,bas_ret_diff,sub_id,trial_n,exponent,offset,power,cf,peak_perc,bandpower,auc,auc_log_osc,auc_lin_osc,r2s,wm_capacity,osc_presence
0,good,contra,bas,1.0,73.6484375,1.258003088962139,0.6544669570717273,1.5492034709807765,10.857280090270377,12.666666666666668,7.51760363442927,33.39141173882879,4.12210728189849,29.32717530953803,0.7873111912290207,3.0037037037037035,1.0
1,good,contra,diff,1.0,73.6484375,-0.029541417789855095,-0.09169642756874746,-0.07018796928935313,-0.29787021863701746,-6.000000000000001,-2.7560963522830546,-11.371259244852707,-0.29364312129849784,-10.176182785299243,,3.0037037037037035,1.0
2,good,contra,ret,1.0,73.6484375,1.2284616711722838,0.5627705295029798,1.4790155016914233,10.535096560354967,6.666666666666667,4.761507282146216,22.020152493976084,3.8284641605999923,19.150992524238788,0.7639108024564701,3.0037037037037035,1.0
3,good,ipsi,bas,1.0,73.6484375,1.1920331368768244,0.6052476104126476,1.5317011866936328,10.821225063616785,12.666666666666668,8.181169162865913,35.67118371727717,4.2807357956317675,31.375277098101265,0.7824805078615867,3.0037037037037035,1.0
4,good,ipsi,diff,1.0,73.6484375,0.15812722585699954,0.14206074658338644,-0.07079913374108787,-0.19499249607963598,-6.666666666666668,-3.0554778116828913,-12.128852568517841,-0.5207045154228241,-10.982709042675125,,3.0037037037037035,1.0
5,good,ipsi,ret,1.0,73.6484375,1.350160362733824,0.747308356996034,1.460902052952545,10.603613582100603,6.0,5.125691351183021,23.542331148759324,3.7600312802089437,20.39256805542614,0.7758942859135453,3.0037037037037035,1.0
6,poor,contra,bas,1.0,70.14529914529915,1.3362075867415133,0.7439428250328702,1.5636794993218746,10.76155363039212,7.913669064748201,7.055415755919289,31.58470734993479,4.0686796230842095,27.676646034286918,0.7911016205733736,3.0037037037037035,1.0
7,poor,contra,diff,1.0,70.14529914529915,-0.07922720358590732,-0.16741911533734863,-0.05686669687056172,-0.16614680812668522,0.0,-2.5268581162649033,-10.560397757028511,-0.24632503519287025,-9.433092491840974,,3.0037037037037035,1.0
8,poor,contra,ret,1.0,70.14529914529915,1.256980383155606,0.5765237096955216,1.5068128024513128,10.573021367569538,7.913669064748201,4.528557639654386,21.024309592906274,3.822354587891339,18.24355354244594,0.7666452920897664,3.0037037037037035,1.0
9,poor,ipsi,bas,1.0,70.14529914529915,1.3324839595087206,0.7332927043249028,1.561401297042333,10.742288263663228,10.071942446043165,8.264613212013534,36.65322285902283,4.256493759337586,32.29621713806476,0.7944346336849244,3.0037037037037035,1.0
10,poor,ipsi,diff,1.0,70.14529914529915,-0.11467669886967458,-0.17866825157109453,0.0045105886685905235,-0.09016633687750597,-5.0359712230215825,-2.9778945586807284,-12.062198002159137,-0.25190665858721334,-10.827544057993531,,3.0037037037037035,1.0
11,poor,ipsi,ret,1.0,70.14529914529915,1.2178072606390458,0.5546244527538083,1.5659118857109235,10.63007340931917,5.0359712230215825,5.286718653332806,24.59102485686369,4.004587100750372,21.468673080071227,0.7787302343709466,3.0037037037037035,1.0
0,good,contra,bas,2.0,63.86666666666667,0.8455744233651401,0.3775781476637819,0.8599007289319682,10.336890342995751,28.125,2.3721462850203214,10.23623796097299,2.3149698377043495,7.931095488059004,0.58143975126672,2.9611111111111112,1.0
1,good,contra,diff,2.0,63.86666666666667,-0.05017931718133161,-0.09726038138180586,-0.023215120364202313,0.32534423807273105,0.78125,-0.12791603474756005,-0.5641196133198997,-0.05291849217132848,-0.36184915546835955,,2.9611111111111112,1.0
2,good,contra,ret,2.0,63.86666666666667,0.7953951061838085,0.280317766281976,0.8366856085677657,10.35989118355899,28.90625,2.2442302502727616,9.67211834765309,2.262051345533021,7.569246332590644,0.5759174368929214,2.9611111111111112,1.0
3,good,ipsi,bas,2.0,63.86666666666667,0.6954704983243063,0.23990100414474344,0.9702609430890015,10.469893872964438,21.875,2.859007910057916,12.401674167976994,2.5384513054490605,9.828452184972438,0.5539220018003008,2.9611111111111112,1.0
4,good,ipsi,diff,2.0,63.86666666666667,-0.020867930855947094,-0.046707143868430986,0.03422681205427118,-0.15895407623682278,0.78125,0.13759596997294107,0.7405402174835793,0.14393918598151062,0.8003025765758461,,2.9611111111111112,1.0
5,good,ipsi,ret,2.0,63.86666666666667,0.6746025674683592,0.19319386027631244,1.0044877551432727,10.32499287615146,22.65625,2.9966038800308574,13.142214385460571,2.682390491430571,10.628754761548285,0.5673344405920783,2.9611111111111112,1.0
6,poor,contra,bas,2.0,59.48076923076923,0.8060113037346835,0.34740969347500994,0.806405900555193,10.467498356232424,31.147540983606557,2.2928739320294174,9.73689182573479,2.180597307321018,7.404947146777622,0.5566477099901829,2.9611111111111112,1.0
7,poor,contra,diff,2.0,59.48076923076923,-0.07327262653805108,-0.1404194985191758,0.10531816737391485,0.020560980319817464,-4.918032786885245,0.07053369641376162,0.4308181498953156,0.2561041333570956,0.6505366216881563,,2.9611111111111112,1.0
8,poor,contra,ret,2.0,59.48076923076923,0.7327386771966325,0.20699019495583412,0.9117240679291079,10.473416884505847,26.229508196721312,2.363407628443179,10.167709975630107,2.436701440678114,8.055483768465779,0.5701935787505953,2.9611111111111112,1.0
9,poor,ipsi,bas,2.0,59.48076923076923,0.7501779409519908,0.2822935529244853,0.808751190804503,10.400607918565854,28.68852459016393,1.997380780873668,8.644780748041958,2.0535799942048714,6.450053509127013,0.5440794277583176,2.9611111111111112,1.0
10,poor,ipsi,diff,2.0,59.48076923076923,0.015921521834050212,-0.013968757222651671,0.08560612419246454,0.06327288547747702,-3.2786885245901627,0.5476718590698095,2.3562428383606817,0.38651444019767484,2.280879608550352,,2.9611111111111112,1.0
11,poor,ipsi,ret,2.0,59.48076923076923,0.766099462786041,0.26832479570183365,0.8943573149969676,10.586402535840916,25.40983606557377,2.545052639943478,11.00102358640264,2.4400944344025466,8.730933117677365,0.5789821860863127,2.9611111111111112,1.0
0,good,contra,bas,3.0,88.42105263157895,1.3617348480381435,0.9761723185940284,1.5240447443189713,10.745227209982223,6.741573033707865,12.736216157458372,55.31681547349619,4.022768261705186,48.56293139645669,0.8202997253092994,3.553703703703704,1.0
1,good,contra,diff,3.0,88.42105263157895,-0.020950522361735436,-0.09272809829024695,0.0034058686829580415,0.019309199118577747,0.0,-4.205232377485636,-18.279141890907553,0.008078929993928069,-16.322375322035196,,3.553703703703704,1.0
2,good,contra,ret,3.0,88.42105263157895,1.340784325676408,0.8834442203037814,1.5274506130019292,10.763472075038687,6.741573033707865,8.530983779972736,37.03767358258864,4.030847191699114,32.24055607442149,0.8150859499856474,3.553703703703704,1.0
3,good,ipsi,bas,3.0,88.42105263157895,1.3560051781187725,0.9731236067987553,1.6166983272836093,10.716498436845757,5.617977528089887,15.14445586971794,66.6378239361226,4.315788287023536,58.88180253528891,0.8345836966369913,3.553703703703704,1.0
4,good,ipsi,diff,3.0,88.42105263157895,-0.049922011835052064,-0.10319197108119676,0.055459607834654145,0.08881760055020543,-1.6853932584269657,-2.7305399915554767,-12.103054316988242,-0.0030117156649777537,-10.78048645712908,,3.553703703703704,1.0
5,good,ipsi,ret,3.0,88.42105263157895,1.3060831662837205,0.8699316357175584,1.6721579351182634,10.796257588649741,3.9325842696629216,12.413915878162461,54.53476961913435,4.312776571358558,48.10131607815983,0.8204557489063568,3.553703703703704,1.0
6,poor,contra,bas,3.0,29.043478260869566,1.4009456878289905,1.0637646824055929,1.5451040473676718,10.803845110808298,10.526315789473683,15.337838249555146,69.23986185369428,4.037001450969518,61.0707184726875,0.8235442766207559,3.553703703703704,1.0
7,poor,contra,diff,3.0,29.043478260869566,-0.15252651818702836,-0.2895609946907707,0.12208734824920416,-0.0756347924102775,-5.263157894736842,-4.663390692705739,-22.05070395680571,0.10105762024743861,-19.592351284433295,,3.553703703703704,1.0
8,poor,contra,ret,3.0,29.043478260869566,1.2484191696419622,0.7742036877148221,1.6671913956168758,10.718280563864768,5.263157894736842,10.674447556849406,47.189157896888574,4.138059071216956,41.478367188254204,0.820326761623249,3.553703703703704,1.0
9,poor,ipsi,bas,3.0,29.043478260869566,1.43286599635298,1.0841309978341414,1.8608232158527236,10.751814089862945,3.508771929824561,23.309847269219997,102.44040197726773,4.615451830378544,91.27114421671726,0.8352941438828082,3.553703703703704,1.0
10,poor,ipsi,diff,3.0,29.043478260869566,-0.18818743209409886,-0.2346919275276072,-0.02174848575392084,0.0635328507683103,3.508771929824561,-8.116643545678523,-35.45303650918661,-0.10399931791747437,-32.067354975451465,,3.553703703703704,1.0
11,poor,ipsi,ret,3.0,29.043478260869566,1.2446785642588811,0.8494390703065342,1.8390747300988028,10.8654929545235,7.017543859649122,15.193203723541476,66.98736546808114,4.511452512461069,59.203789241265795,0.8188762431247604,3.553703703703704,1.0
0,good,contra,bas,4.0,33.578947368421055,1.2077925608573465,1.2232092188424415,1.7563870432664093,11.143447305745001,2.9850746268656714,42.278575095781115,174.94623789483114,4.678243962586811,154.76983012139132,0.7961288791377682,2.5444444444444443,1.0
1,good,contra,diff,4.0,33.578947368421055,0.005544279142328756,-0.07298052036547469,-0.510762540450964,-0.40767584269622353,17.91044776119403,-21.32444004755857,-89.26403403893947,-0.763186862637543,-80.37709144645652,,2.5444444444444443,1.0
2,good,contra,ret,4.0,33.578947368421055,1.2133368399996753,1.150228698476967,1.2456245028154453,10.76009253474129,20.8955223880597,20.954135048222543,85.68220385589169,3.915057099949268,74.39273867493482,0.7791845195442025,2.5444444444444443,1.0
3,good,ipsi,bas,4.0,33.578947368421055,1.3002082704214453,1.3256478977694715,1.8509180515741661,10.857518745464771,0.0,48.949281506375684,211.0540526158348,5.036682971410598,187.63307373210486,0.8177452005121919,2.5444444444444443,1.0
4,good,ipsi,diff,4.0,33.578947368421055,-0.04627035978258339,-0.08549489857046644,-0.2215671458753096,0.13497453759070185,4.477611940298507,-23.722922291620698,-104.44842580053812,-0.9544346138463498,-94.63242766653951,,2.5444444444444443,1.0
5,good,ipsi,ret,4.0,33.578947368421055,1.2539379106388617,1.240152999199005,1.6293509056988567,10.994397674691887,4.477611940298507,25.226359214754986,106.60562681529669,4.082248357564248,93.00064606556536,0.7958379498426086,2.5444444444444443,1.0
6,poor,contra,bas,4.0,102.17058823529412,1.2092535452237407,1.217340209190012,1.7393304123490132,10.849541230233715,2.5,39.591282929927154,163.831910962794,4.7668016282742505,144.82052032780584,0.8042126730363993,2.5444444444444443,1.0
7,poor,contra,diff,4.0,102.17058823529412,-0.0564230080366235,-0.1266866148323335,-0.2641443951278712,0.017235907465936617,13.0,-15.60584342328429,-61.82213260182295,-0.5415048938953446,-55.53710764244134,,2.5444444444444443,1.0
8,poor,contra,ret,4.0,102.17058823529412,1.1528305371871173,1.0906535943576787,1.4751860172211417,10.845694148982826,15.5,23.98543950664286,102.00977836097107,4.225296734378906,89.28341268536451,0.7839997900384617,2.5444444444444443,1.0
9,poor,ipsi,bas,4.0,102.17058823529412,1.1720657976736861,1.1922703574491602,1.7994988986943965,10.856833506451903,3.500000000000001,42.8791597314329,181.45117083245094,4.951473692063991,160.65993392822423,0.7987460964898687,2.5444444444444443,1.0
10,poor,ipsi,diff,4.0,102.17058823529412,0.07687272635615712,0.015001787724514883,-0.13794538578543042,0.0020225461294683168,2.4999999999999996,-14.175045026798458,-57.54167903934366,-0.3914395212130404,-51.648478917326194,,2.5444444444444443,1.0
11,poor,ipsi,ret,4.0,102.17058823529412,1.2489385240298432,1.207272145173675,1.661553512908966,10.857306665178191,6.0,28.70411470463445,123.90949179310726,4.56003417085095,109.01145501089803,0.8075320874948502,2.5444444444444443,1.0
0,good,contra,bas,5.0,39.470588235294116,1.0598773889536066,0.7810712349877448,0.988087014380875,10.356815248653266,14.457831325301203,4.16391338360181,18.152720367061075,2.3859590547114506,14.410625772078076,0.7132877459788186,2.6185185185185187,1.0
1,good,contra,diff,5.0,39.470588235294116,-0.21434689130756585,-0.2765427509126578,-0.2325850407380876,0.07378949971737914,15.662650602409641,-1.1854940559647331,-5.06937825347833,-0.26314246781286454,-4.383095340560809,,2.6185185185185187,1.0
2,good,contra,ret,5.0,39.470588235294116,0.8455304976460407,0.5045284840750871,0.7555019736427874,10.536315701082911,30.120481927710845,2.9784193276370763,13.083342113582745,2.122816586898586,10.027530431517267,0.6776260367672072,2.6185185185185187,1.0
3,good,ipsi,bas,5.0,39.470588235294116,1.1972818349693466,0.8806574523905667,0.820136289363465,10.451036178409469,30.120481927710845,3.534852565709105,15.127837697154549,2.265446793205325,11.79753599518061,0.7201915908186826,2.6185185185185187,1.0
4,good,ipsi,diff,5.0,39.470588235294116,-0.25142812170659157,-0.3353152035593484,-0.08260795220916979,-0.03505750453853739,3.6144578313253,-0.825385529281344,-3.3660072685200983,-0.240795241212151,-2.733897525197666,,2.6185185185185187,1.0
5,good,ipsi,ret,5.0,39.470588235294116,0.945853713262755,0.5453422488312183,0.7375283371542952,10.388010589365804,33.734939759036145,2.7094670364277618,11.761830428634449,2.0246515519931743,9.063638469982944,0.6769598035909796,2.6185185185185187,1.0
6,poor,contra,bas,5.0,87.50666666666666,1.0443806811179226,0.7968131368322201,0.7973919574383304,10.450659897677514,25.0,3.742798932357663,15.9185625761025,2.2798833986278404,12.173147284135458,0.6648416401188869,2.6185185185185187,1.0
7,poor,contra,diff,5.0,87.50666666666666,-0.1519265726579183,-0.21687952787597017,-0.011400238791331355,0.07611545544834254,1.744186046511626,-1.0087861365848105,-4.226483650832164,-0.33371642052517786,-3.5435526826735675,,2.6185185185185187,1.0
8,poor,contra,ret,5.0,87.50666666666666,0.8924541084600043,0.5799336089562499,0.7859917186469989,10.453097555731722,26.744186046511626,2.7340127957728533,11.692078925270335,1.9461669781026623,8.629594601461891,0.6634388228016385,2.6185185185185187,1.0
9,poor,ipsi,bas,5.0,87.50666666666666,1.0096867841144412,0.6893367619874053,0.7461545033395737,10.511332004091043,30.23255813953488,3.254835706807222,14.038372118557966,2.167991991247464,10.833655857441753,0.6666206791526648,2.6185185185185187,1.0
10,poor,ipsi,diff,5.0,87.50666666666666,-0.08665509069748849,-0.15449072054353702,-0.05049482003694142,-0.036693986232663914,5.232558139534888,-0.776929477908811,-3.5005314387923727,-0.25183482628367615,-2.9406281088719246,,2.6185185185185187,1.0
11,poor,ipsi,ret,5.0,87.50666666666666,0.9230316934169527,0.5348460414438684,0.6956596833026323,10.35807720580103,35.46511627906977,2.4779062288984113,10.537840679765592,1.9161571649637876,7.893027748569828,0.6532619579833548,2.6185185185185187,1.0
0,good,contra,bas,8.0,51.62222222222222,0.600823815190781,0.5048704738033541,1.2448207386416985,9.986865638837665,5.825242718446603,10.486919992876656,47.983336230539365,3.33811867340704,40.311100079546655,0.6191914546164443,2.7185185185185183,1.0
1,good,contra,diff,8.0,51.62222222222222,-0.21442594800314912,-0.2554974727764494,-0.133100870683666,0.015038418134810768,4.854368932038834,-2.954693390220879,-14.014809898312105,-0.32155648021739874,-12.536119584541355,,2.7185185185185183,1.0
2,good,contra,ret,8.0,51.62222222222222,0.3863978671876319,0.2493730010269048,1.1117198679580327,9.984718566283584,10.679611650485436,7.532226602655777,33.968526332227256,3.0165621931896407,27.774980495005302,0.5737874728120737,2.7185185185185183,1.0
3,good,ipsi,bas,8.0,51.62222222222222,0.5840732671555201,0.46831361788736464,1.2969337908731178,10.015026633118644,8.737864077669903,10.672456765886603,49.19402616474137,3.37460281392383,41.49427953415897,0.6237409049390925,2.7185185185185183,1.0
4,good,ipsi,diff,8.0,51.62222222222222,-0.08589481098685779,-0.10967352819064805,-0.10126032369548717,-0.02661501140288817,2.9126213592233015,-1.5491015649108757,-7.417584332668957,-0.10108826910543237,-6.461931978417289,,2.7185185185185183,1.0
5,good,ipsi,ret,8.0,51.62222222222222,0.4981784561686623,0.3586400896967166,1.1956734671776306,10.012720808040745,11.650485436893206,9.123355200975727,41.77644183207242,3.2735145448183975,35.03234755574168,0.594217985779591,2.7185185185185183,1.0
6,poor,contra,bas,8.0,99.59880239520957,0.538111312266164,0.4222777506607089,1.2265452016676006,9.920310816622273,8.629441624365482,9.66093257313827,44.134623495448174,3.2003530985790154,36.93884923039509,0.6058644136083833,2.7185185185185183,1.0
7,poor,contra,diff,8.0,99.59880239520957,-0.05237428924588152,-0.10023223004545496,-0.10320577365468987,0.02814604797220995,0.5076142131979697,-1.8552672189417092,-8.23650505750434,-0.18043217144555498,-7.138022098728429,,2.7185185185185183,1.0
8,poor,contra,ret,8.0,99.59880239520957,0.48573702302028254,0.3220455206152539,1.1233394280129108,9.960191378121097,9.137055837563452,7.80566535419656,35.898118437943836,3.01992092713346,29.800827131666665,0.5891151066464424,2.7185185185185183,1.0
9,poor,ipsi,bas,8.0,99.59880239520957,0.5118458275775468,0.41524905568620296,1.2685211229561892,9.854982774658382,7.1065989847715745,11.88885787932009,54.69097236490054,3.3316282259704484,46.39119694297744,0.6195895053863162,2.7185185185185183,1.0
10,poor,ipsi,diff,8.0,99.59880239520957,-0.0701066713079288,-0.09236083943680669,0.025994143275024324,0.09698895921850939,0.0,-0.6439912246135182,-2.646550173490667,0.15488577338861242,-2.2208282602398306,,2.7185185185185183,1.0
11,poor,ipsi,ret,8.0,99.59880239520957,0.44173915626961796,0.32288821624939634,1.2945152662312134,9.98881400831535,7.1065989847715745,11.244866654706572,52.04442219140987,3.486513999359061,44.1703686827376,0.6149606997898194,2.7185185185185183,1.0
0,good,contra,bas,12.0,132.67659574468084,0.9919798886675018,0.3178859803130397,0.6545090530173191,10.447286966413134,39.77272727272727,1.0817517825353231,4.546945281108983,1.755361947281632,3.266554746205791,0.5565823309553275,3.4814814814814814,1.0
1,good,contra,diff,12.0,132.67659574468084,-0.12834443526137773,-0.20517671958486794,-0.2551804275432286,-0.04682974363089997,21.96969696969697,-0.4700872957131282,-1.9728179028677775,-0.6864116278878227,-1.6687463105273148,,3.4814814814814814,1.0
2,good,contra,ret,12.0,132.67659574468084,0.863635453406124,0.11270926072817175,0.39932862547409054,10.228248984771502,61.74242424242424,0.611664486822195,2.574127378241206,1.0689503193938092,1.5978084356784763,0.4769863350280644,3.4814814814814814,1.0
3,good,ipsi,bas,12.0,132.67659574468084,0.9834156770593547,0.3137355729328032,0.661581607971026,10.553051146680081,37.5,1.1782418422620098,4.9454532326592435,1.864572867928415,3.6120378255202605,0.5665994322547802,3.4814814814814814,1.0
4,good,ipsi,diff,12.0,132.67659574468084,-0.05847889888717873,-0.12971455059023157,-0.2079193808291672,-0.15984586631930606,14.772727272727275,-0.4985294196667592,-2.062902808413521,-0.5829468992361321,-1.7472693174665332,,3.4814814814814814,1.0
5,good,ipsi,ret,12.0,132.67659574468084,0.9249367781721759,0.18402102234257162,0.45366222714185883,10.308543092575963,52.27272727272727,0.6797124225952507,2.8825504242457227,1.2816259686922828,1.8647685080537273,0.5053193439005832,3.4814814814814814,1.0
6,poor,contra,bas,12.0,41.611111111111114,1.061934216797296,0.42738282002411426,0.6011119253294788,10.461080803187999,45.78313253012048,1.071987932852405,4.48790608152994,1.6755495427202287,3.1026362013737,0.587814103844572,3.4814814814814814,1.0
7,poor,contra,diff,12.0,41.611111111111114,-0.1355255868266068,-0.20345332107216849,-0.1833201054879632,0.25497415451783223,14.457831325301207,-0.37524592419527153,-1.543971335371869,-0.3789548878013067,-1.2321374188630387,,3.4814814814814814,1.0
8,poor,contra,ret,12.0,41.611111111111114,0.9264086299706893,0.22392949895194578,0.4177918198415156,10.404139123459379,60.2409638554217,0.6967420086571334,2.9439347461580714,1.296594654918922,1.870498782510661,0.5274458634626358,3.4814814814814814,1.0
9,poor,ipsi,bas,12.0,41.611111111111114,1.0300882251135703,0.36569215615270073,0.6709994671273894,10.440781117788287,37.34939759036144,1.1540977689770102,4.947887246988439,1.8619508031789078,3.6200451573651993,0.5635152261261269,3.4814814814814814,1.0
10,poor,ipsi,diff,12.0,41.611111111111114,-0.11915781120066248,-0.22194177344120092,-0.13750940724371344,0.060668240982941345,7.228915662650607,-0.4028956912766938,-1.7440750051967404,-0.2843044879159046,-1.4263926034655265,,3.4814814814814814,1.0
11,poor,ipsi,ret,12.0,41.611111111111114,0.9109304139129077,0.14375038271149979,0.5334900598836759,10.359287094701113,44.57831325301205,0.7512020777003166,3.2038122417916988,1.5776463152630034,2.193652553899673,0.5548181700989299,3.4814814814814814,1.0
0,good,contra,bas,15.0,53.56842105263158,0.932813038385774,0.6326632484240321,0.66748199557811,10.076879967748157,39.44954128440367,3.1127977789554198,12.822287093188285,2.142587813524695,9.629204762014579,0.6947232936413827,2.714814814814815,1.0
1,good,contra,diff,15.0,53.56842105263158,-0.043998396177585324,-0.05370132905193711,-0.16960737703696457,0.05769806437359599,9.174311926605505,-0.33301158757991023,-1.5763535372161288,-0.30391540596670813,-1.3612971383095187,,2.714814814814815,1.0
2,good,contra,ret,15.0,53.56842105263158,0.8888146422081887,0.578961919372095,0.49787461854114545,10.04478301671514,48.623853211009184,2.7797861913755093,11.245933555972158,1.8386724075579866,8.26790762370506,0.6802375437515231,2.714814814814815,1.0
3,good,ipsi,bas,15.0,53.56842105263158,0.917942237983152,0.601926848357729,0.6515300781613999,10.146592722580833,37.61467889908257,3.253330159608808,12.91125755925299,2.1247031094482574,9.751515410904249,0.685087266318907,2.714814814814815,1.0
4,good,ipsi,diff,15.0,53.56842105263158,0.017315367096602693,0.03686163384898965,-0.23197863522059226,-0.07287674840079891,15.596330275229363,-0.36404187197999244,-1.5008612967606016,-0.18149505593031046,-1.4370786773309547,,2.714814814814815,1.0
5,good,ipsi,ret,15.0,53.56842105263158,0.9352576050797548,0.6387884822067187,0.4195514429408076,10.05786225672731,53.21100917431193,2.8892882876288155,11.410396262492387,1.943208053517947,8.314436733573293,0.7263140390886692,2.714814814814815,1.0
6,poor,contra,bas,15.0,92.63924050632912,0.9903590237460335,0.7176488479729487,0.6083916524750589,10.577416113509319,40.76086956521739,2.8837024150848105,11.719771680565374,1.8727488561993797,8.528329323394473,0.6810588452444138,2.714814814814815,1.0
7,poor,contra,diff,15.0,92.63924050632912,-0.09772216603178173,-0.1220859116364271,-0.060257188035786204,-0.44064167039562474,3.8043478260869534,-0.4050135270769214,-1.7570665527344513,-0.19820091825867373,-1.5252252937916613,,2.714814814814815,1.0
8,poor,contra,ret,15.0,92.63924050632912,0.8926368577142517,0.5955629363365216,0.5481344644392727,10.28191570402969,44.565217391304344,2.4786888880078886,9.962705127830922,1.6745479379407058,7.003104029602811,0.6858370213387747,2.714814814814815,1.0
9,poor,ipsi,bas,15.0,92.63924050632912,0.9518513341378698,0.655228027309218,0.6391958351609595,10.266078974399495,36.95652173913043,2.8955527436645982,11.878437786023904,1.9980221101985165,8.758589329440943,0.6809382475427672,2.714814814814815,1.0
10,poor,ipsi,diff,15.0,92.63924050632912,-0.027324901014155547,-0.025919768734715635,-0.0334483986817046,0.20122109329369703,7.608695652173915,0.8167354523872365,3.1324266857183525,0.09707189960852342,2.8422588320700175,,2.714814814814815,1.0
11,poor,ipsi,ret,15.0,92.63924050632912,0.9245264331237143,0.6293082585745023,0.6057474364792548,10.569059710842271,44.565217391304344,3.7122881960518344,15.010864471742257,2.0950940098070396,11.600848161510962,0.7169345505786493,2.714814814814815,1.0
0,good,contra,bas,16.0,29.745098039215687,1.3309179058172633,0.9567541866820235,0.7834378257295972,10.36587421076231,27.86885245901639,3.348320580531116,14.097596478016174,2.518450241702596,10.9966081516645,0.7652686272772908,2.357615894039735,1.0
1,good,contra,diff,16.0,29.745098039215687,-0.19708799990974193,-0.27718342675100177,0.08809374518035326,0.2917573075310544,-4.918032786885245,-0.8269168473809649,-3.145812512207567,-0.22379348986848127,-2.507082451539738,,2.357615894039735,1.0
2,good,contra,ret,16.0,29.745098039215687,1.1338299059075214,0.6795707599310217,0.8715315709099504,10.467364185644104,22.950819672131146,2.52140373315015,10.951783965808607,2.2946567518341148,8.489525700124762,0.7049203951425107,2.357615894039735,1.0
3,good,ipsi,bas,16.0,29.745098039215687,1.3332506677281406,0.9700872880487146,0.8766105680146028,10.238205386248147,21.311475409836067,3.4796382327921465,14.694453321483625,2.5571933342916533,11.524196267629035,0.7420776835143497,2.357615894039735,1.0
4,good,ipsi,diff,16.0,29.745098039215687,-0.23710444901144648,-0.34278586178992526,-0.008504831067916066,0.43790972887086504,-3.2786885245901622,-1.0868038862148828,-4.693788556887973,-0.19429156664760613,-3.8810184977266897,,2.357615894039735,1.0
5,good,ipsi,ret,16.0,29.745098039215687,1.0961462187166942,0.6273014262587894,0.8681057369466868,10.688106791626893,18.0327868852459,2.392834346577264,10.000664764595651,2.3629017676440474,7.643177769902347,0.7077530501814037,2.357615894039735,1.0
6,poor,contra,bas,16.0,106.34895833333333,1.3538254766304696,0.9714392035908285,0.8875609463590018,10.465773418890286,23.076923076923077,3.6597011275750155,15.435984121529742,2.61854408268229,12.345336969429276,0.7528095838221119,2.357615894039735,1.0
7,poor,contra,diff,16.0,106.34895833333333,-0.21969017698145551,-0.28431033071222517,-0.004657603243290616,-0.22002064355515094,2.714932126696837,-0.9802931637045339,-4.071392602734018,-0.20587788918807548,-3.4905883896879875,,2.357615894039735,1.0
8,poor,contra,ret,16.0,106.34895833333333,1.1341352996490142,0.6871288728786035,0.8829033431157112,10.35074016815754,25.791855203619914,2.6794079638704815,11.364591518795722,2.4126661934942146,8.854748579741289,0.7068195947673686,2.357615894039735,1.0
9,poor,ipsi,bas,16.0,106.34895833333333,1.3008869163897125,0.9123440452035926,0.9912125394317753,10.36752104188935,15.384615384615385,3.6755386898066758,15.678357595113269,2.740193369633373,12.5641162462337,0.7579578122838608,2.357615894039735,1.0
10,poor,ipsi,diff,16.0,106.34895833333333,-0.150958548952125,-0.214314462561097,-0.14920011062922708,-0.08325850420043109,13.122171945701355,-1.0615247676911703,-4.54295865817289,-0.354332071481027,-3.870637065146368,,2.357615894039735,1.0
11,poor,ipsi,ret,16.0,106.34895833333333,1.1499283674375875,0.6980295826424956,0.8420124288025482,10.329566780659606,28.50678733031674,2.6140139221155057,11.135398936940378,2.385861298152346,8.693479181087332,0.7161193341510373,2.357615894039735,1.0
0,good,contra,bas,18.0,33.81666666666667,1.1661785086467273,0.6383565575340607,1.632589040550358,9.748278937558094,1.4285714285714286,8.824892302084056,41.66355206651294,4.481807756199874,36.62585113774036,0.7785171441997183,2.6574074074074074,1.0
1,good,contra,diff,18.0,33.81666666666667,-0.18418774058560602,-0.31180356957550265,-0.01069274930697424,0.05410600246237503,2.8571428571428568,-2.2889748229248204,-10.709781763827502,-0.02897526309257515,-9.388134258434464,,2.6574074074074074,1.0
2,good,contra,ret,18.0,33.81666666666667,0.9819907680611213,0.326552987958558,1.6218962912433839,9.793770582843463,4.285714285714286,6.535917479159235,30.953770302685445,4.452832493107299,27.237716879305896,0.7646906423407047,2.6574074074074074,1.0
3,good,ipsi,bas,18.0,33.81666666666667,1.1628853941433355,0.6223814269758315,1.7466387690267964,9.661054680604062,0.0,10.776010537040317,51.092924452619506,4.681485537773558,45.23860702211856,0.7942870342870127,2.6574074074074074,1.0
4,good,ipsi,diff,18.0,33.81666666666667,-0.12568011601740345,-0.2171431350130402,-0.07305437722548215,0.18067601224069174,0.0,-3.6144457568116266,-17.196535563350192,-0.17769959741744637,-15.365762763371551,,2.6574074074074074,1.0
5,good,ipsi,ret,18.0,33.81666666666667,1.037205278125932,0.4052382919627913,1.6735843918013142,9.841730692844754,0.0,7.16156478022869,33.89638888926931,4.503785940356112,29.87284425874701,0.7717688449535224,2.6574074074074074,1.0
6,poor,contra,bas,18.0,93.33333333333333,1.2346720304150343,0.7484273669585739,1.733774329422116,9.626057710640985,0.5405405405405406,11.112851819500296,51.92660774407482,4.540190792493397,45.860984855217545,0.7903976593207235,2.6574074074074074,1.0
7,poor,contra,diff,18.0,93.33333333333333,-0.21431093472616078,-0.3559709185818157,-0.11749883417314046,0.2722735203519715,2.7027027027027026,-3.6653680954495016,-16.753454656244426,-0.11333005558601887,-14.848176475553347,,2.6574074074074074,1.0
8,poor,contra,ret,18.0,93.33333333333333,1.0203610956888733,0.3924564483767582,1.6162754952489753,9.901303625630353,3.2432432432432434,7.4474837240507945,35.17315308783039,4.426860736907378,31.0128083796642,0.7722982774441357,2.6574074074074074,1.0
9,poor,ipsi,bas,18.0,93.33333333333333,1.1996967127393783,0.694611136482638,1.7440748362135854,9.626397603546003,0.0,11.25602481802926,52.84113088569457,4.60654064779117,46.77319750396459,0.7927062047268246,2.6574074074074074,1.0
10,poor,ipsi,diff,18.0,93.33333333333333,-0.1543287033266409,-0.2734287554511801,-0.07536844409251901,0.19977610316318967,0.5405405405405406,-4.503694502585311,-20.814022813254702,-0.18251734730566266,-18.63632878898926,,2.6574074074074074,1.0
11,poor,ipsi,ret,18.0,93.33333333333333,1.0453680094127373,0.42118238103145783,1.668706392121066,9.826173706709193,0.5405405405405406,6.752330315443949,32.02710807243986,4.424023300485508,28.136868714975325,0.7718713704312902,2.6574074074074074,1.0
0,good,contra,bas,20.0,98.69767441860465,0.8581200334782343,0.748611480000179,0.6244373011720461,10.701454039857367,39.69072164948454,3.7777319465461217,15.225488704442995,1.4068272276151026,10.724617233367667,0.5882861047573457,3.0574074074074074,1.0
1,good,contra,diff,20.0,98.69767441860465,-0.01887162610333922,-0.03331963284937834,-0.17721717774669393,-0.1837014439622564,10.309278350515463,-0.9380978857372754,-3.657898427955147,-0.2772527065808031,-3.320028466172087,,3.0574074074074074,1.0
2,good,contra,ret,20.0,98.69767441860465,0.8392484073748953,0.7152918471508007,0.44722012342535217,10.428744265971572,50.0,2.8396340608088466,11.567590276487849,1.1295745210342993,7.40458876719558,0.5526361942919505,3.0574074074074074,1.0
3,good,ipsi,bas,20.0,98.69767441860465,0.8281018178998139,0.6727456807502985,0.5901912127048108,10.816304756148437,42.78350515463917,3.538709160824463,14.556277264493923,1.5319919546479368,10.441547080522907,0.5844318716338583,3.0574074074074074,1.0
4,good,ipsi,diff,20.0,98.69767441860465,-0.07692454093084268,-0.08399466821776407,-0.20064138821875302,0.32476499656851887,16.494845360824748,-1.164480696744743,-5.07082498270672,-0.5151341522129719,-4.559411649863671,,3.0574074074074074,1.0
5,good,ipsi,ret,20.0,98.69767441860465,0.7511772769689712,0.5887510125325345,0.38954982448605774,10.865245680338017,59.27835051546392,2.3742284640797195,9.485452281787202,1.0168578024349648,5.882135430659237,0.5565791564101655,3.0574074074074074,1.0
6,poor,contra,bas,20.0,85.57534246575342,0.8145337746153144,0.6603555843868711,0.4878363798384474,10.823314820172595,50.0,2.765600705734795,11.124011728740953,1.1619304329970233,7.292443514898237,0.5767223373939726,3.0574074074074074,1.0
7,poor,contra,diff,20.0,85.57534246575342,-0.031061672467837698,-0.03694240418561328,-0.12395044719859649,-0.5823633995814423,11.30952380952381,-0.5531579378496885,-2.2948283152417113,-0.2868269356905749,-2.0641438982885556,,3.0574074074074074,1.0
8,poor,contra,ret,20.0,85.57534246575342,0.7834721021474766,0.6234131802012578,0.363885932639851,10.456770100281146,61.30952380952382,2.212442767885107,8.82918341349924,0.8751034973064482,5.228299616609681,0.54876673423113,3.0574074074074074,1.0
9,poor,ipsi,bas,20.0,85.57534246575342,0.7964016775683207,0.6704116941766881,0.5728286754365072,10.880811338550622,45.23809523809524,3.50876965769094,14.595361324811599,1.2989470977960742,10.250099388695642,0.5725254406025918,3.0574074074074074,1.0
10,poor,ipsi,diff,20.0,85.57534246575342,-0.04421542985517205,-0.08416061579892731,-0.17827334935464068,-0.6884742333209787,14.285714285714286,-1.3078924927990239,-5.815858757338464,-0.3142350546446918,-5.003243601039101,,3.0574074074074074,1.0
11,poor,ipsi,ret,20.0,85.57534246575342,0.7521862477131487,0.5862510783777608,0.3945553260818664,10.430432129272832,59.523809523809526,2.2008771648919163,8.779502567473132,0.9847120431513825,5.246855787656541,0.5513547546027056,3.0574074074074074,1.0
0,good,contra,bas,24.0,32.186440677966104,0.6927880577855311,0.44597023466937114,1.7817556879334482,10.359777939811726,9.375,22.74542802535031,109.54638410063338,4.669771987441845,97.24684909328994,0.6614290414692066,2.3981481481481484,1.0
1,good,contra,diff,24.0,32.186440677966104,-0.07575722670605763,-0.10785474648557011,-0.1891742630153865,-0.13421655437401556,-7.8125,-12.345842687841802,-60.001447308580524,-0.7797114034835695,-54.357331288390185,,2.3981481481481484,1.0
2,good,contra,ret,24.0,32.186440677966104,0.6170308310794735,0.338115488183801,1.5925814249180614,10.211760407612884,1.5625,10.39958533750851,49.54493679205285,3.8900605839582756,42.88951780489976,0.6167582382797151,2.3981481481481484,1.0
3,good,ipsi,bas,24.0,32.186440677966104,0.5513054784185545,0.2803838718002345,1.9389316637884155,10.336149326934173,3.125,25.761726861830134,124.27351402556009,5.040612284867192,110.74694424995401,0.6617591964967482,2.3981481481481484,1.0
4,good,ipsi,diff,24.0,32.186440677966104,0.019058253513418215,-0.0015645409366825125,-0.32233770338697026,-0.20319134261994853,0.0,-14.569956279347188,-70.88469465671153,-0.8830170599522275,-64.25775493115202,,2.3981481481481484,1.0
5,good,ipsi,ret,24.0,32.186440677966104,0.5703637319319727,0.278819330863552,1.6165939604014452,10.13704031639051,3.125,11.191770582482947,53.38881936884855,4.157595224914965,46.48918931880199,0.5984231764577799,2.3981481481481484,1.0
6,poor,contra,bas,24.0,136.26748971193416,0.5843901147594419,0.3532749130335027,1.8242962338243442,10.387241435254472,2.5547445255474455,22.96759386429648,110.46719605109419,4.648812493242151,98.02220107790455,0.651460677421208,2.3981481481481484,1.0
7,poor,contra,diff,24.0,136.26748971193416,0.0060411235625106655,-0.030430341624630094,-0.1960839155703066,-0.2476364307792731,1.0948905109489044,-10.239936394569224,-49.81080522545025,-0.47076948197380436,-45.04553279441461,,2.3981481481481484,1.0
8,poor,contra,ret,24.0,136.26748971193416,0.5904312383219527,0.3228445714088726,1.6282123182540376,10.136930854918525,3.64963503649635,12.727657469727255,60.656390825643946,4.178043011268347,52.97666828348994,0.6130770239521226,2.3981481481481484,1.0
9,poor,ipsi,bas,24.0,136.26748971193416,0.6117021210506614,0.3917778798231074,1.8067150201681914,10.351330368210819,2.18978102189781,22.095228660103572,106.1240001771419,4.641122168500208,94.03980894161745,0.6474177467043614,2.3981481481481484,1.0
10,poor,ipsi,diff,24.0,136.26748971193416,-0.0026154851072031434,-0.03836435503946982,-0.20298768214570848,-0.21465953207155117,1.824817518248175,-10.110125734487351,-48.76743783903753,-0.5891081909451674,-44.13330599000533,,2.3981481481481484,1.0
11,poor,ipsi,ret,24.0,136.26748971193416,0.6090866359434582,0.3534135247836376,1.603727338022483,10.128355965389883,4.014598540145985,11.985102925616221,57.35656233810437,4.052013977555041,49.90650295161212,0.6104870663347777,2.3981481481481484,1.0
0,good,contra,bas,25.0,40.45333333333333,1.6220553210937214,1.174303667335385,1.2792152303784141,10.76243893071367,8.333333333333332,5.5478761764047935,24.816556388308268,3.2306402253758884,21.12475674384821,0.820047658503896,2.5388888888888888,1.0
1,good,contra,diff,25.0,40.45333333333333,-0.07607035045972461,-0.023405027872564668,-0.18493907617631322,-0.0566904312438221,14.285714285714288,0.6060796742945046,2.6831890178955073,-0.13840084605281452,2.2211632190900947,,2.5388888888888888,1.0
2,good,contra,ret,25.0,40.45333333333333,1.5459849706339968,1.1508986394628204,1.094276154202101,10.594633660054205,22.61904761904762,6.153955850699299,27.499745406203772,3.092239379323074,23.345919962938307,0.8202883070250894,2.5388888888888888,1.0
3,good,ipsi,bas,25.0,40.45333333333333,1.6154047956640971,1.1337228403952582,1.3673424330196364,10.711722609990098,17.857142857142858,6.386732738996548,28.815043282024217,3.5870245762014474,24.78997786591296,0.8330228233288703,2.5388888888888888,1.0
4,good,ipsi,diff,25.0,40.45333333333333,0.04233993428449918,0.10985624693767468,-0.02117999286739659,0.08396615194627793,-4.761904761904761,0.9277417264590608,4.382572151237746,-0.003471799172397585,3.827316296722987,,2.5388888888888888,1.0
5,good,ipsi,ret,25.0,40.45333333333333,1.6577447299485966,1.2435790873329329,1.3461624401522398,10.789184457833715,13.095238095238097,7.314474465455608,33.197615433261966,3.58355277702905,28.617294162635947,0.8358225523108321,2.5388888888888888,1.0
6,poor,contra,bas,25.0,107.12972972972973,1.617132361020194,1.129970592464508,1.2917557193918443,10.734791016707947,17.674418604651162,5.7865072582577834,26.442275992976867,3.329160199112085,22.71486274860144,0.813899212798228,2.5388888888888888,1.0
7,poor,contra,diff,25.0,107.12972972972973,-0.04208044683189396,-0.0036831038829599444,0.0060457389891949475,0.04801925660211412,-5.581395348837209,0.18308656644805674,0.33344733205495175,0.06627658253642414,0.18506031495614716,,2.5388888888888888,1.0
8,poor,contra,ret,25.0,107.12972972972973,1.5750519141883,1.126287488581548,1.2978014583810393,10.779739967063794,12.093023255813954,5.96959382470584,26.775723325031823,3.3954367816485087,22.899923063557587,0.8364399884784821,2.5388888888888888,1.0
9,poor,ipsi,bas,25.0,107.12972972972973,1.6235919044438534,1.1565727838100452,1.294267101111374,10.70671111644577,17.209302325581397,5.913457820662271,26.763383466599713,3.3804655018399954,22.963243149325717,0.8153519235674958,2.5388888888888888,1.0
10,poor,ipsi,diff,25.0,107.12972972972973,-0.030746241336187075,0.005441688595879269,0.005316702787215657,-0.009175760403401421,-2.3255813953488396,0.6262629477374081,2.985176785802418,0.06697090526766032,2.587948255830029,,2.5388888888888888,1.0
11,poor,ipsi,ret,25.0,107.12972972972973,1.5928456631076662,1.1620144724059247,1.2995838038985896,10.701838213457592,14.883720930232558,6.539720768399679,29.748560252402125,3.4474364071076558,25.551191405155745,0.8267270275862423,2.5388888888888888,1.0
0,good,contra,bas,28.0,43.810810810810814,1.3860336356226846,0.825828732638426,1.081116910504437,10.368686861826987,17.24137931034483,3.9905541862164653,17.574199049824383,3.209479239340463,14.87053146053772,0.7578340288758504,2.6166666666666667,1.0
1,good,contra,diff,28.0,43.810810810810814,-0.08023070074122002,-0.1294967026665003,-0.14114280213442632,-0.2549593303615444,1.149425287356319,-1.6107337642183133,-7.444639767381126,-0.4498995476598164,-6.655251593195413,,2.6166666666666667,1.0
2,good,contra,ret,28.0,43.810810810810814,1.3058029348814648,0.6963320299719258,0.9399741083700108,10.121332851333992,18.39080459770115,2.3798204219981525,10.12955928244326,2.7595796916806465,8.215279867342307,0.7396006786710148,2.6166666666666667,1.0
3,good,ipsi,bas,28.0,43.810810810810814,1.3701147289772782,0.8192040349569977,1.1853936555647315,10.449862041166403,16.091954022988507,4.004063646532299,17.675268941800294,3.3201395638642275,14.930704702328903,0.7438119908953784,2.6166666666666667,1.0
4,good,ipsi,diff,28.0,43.810810810810814,-0.015250775639177287,-0.08418934697762608,-0.21167421175398116,-0.17384325998366484,3.4482758620689644,-1.5692670700147537,-7.314381474703949,-0.4297753247852215,-6.486418373903413,,2.6166666666666667,1.0
5,good,ipsi,ret,28.0,43.810810810810814,1.3548639533381008,0.7350146879793716,0.9737194438107505,10.29295612862908,19.54022988505747,2.434796576517545,10.360887467096346,2.890364239079006,8.44428632842549,0.7456505826505809,2.6166666666666667,1.0
6,poor,contra,bas,28.0,89.19727891156462,1.4273437374648348,0.8549656733428316,1.0449445858310134,10.403216694478903,21.34831460674157,3.3384385981276656,14.390449864510611,3.1516276435675152,11.995993463729528,0.7736577317414871,2.6166666666666667,1.0
7,poor,contra,diff,28.0,89.19727891156462,-0.04262690051613782,-0.09046563184297071,-0.18142793237779106,0.07985923084856725,6.741573033707869,-1.4115393544653652,-6.040522778431849,-0.5895438931762241,-5.388576744237559,,2.6166666666666667,1.0
8,poor,contra,ret,28.0,89.19727891156462,1.384716836948697,0.764500041499861,0.8635166534532224,10.390130531640791,28.089887640449444,1.9268992436623005,8.349927086078763,2.5620837503912908,6.607416719491969,0.7366576677969479,2.6166666666666667,1.0
9,poor,ipsi,bas,28.0,89.19727891156462,1.3641132407623289,0.8065814645907375,1.1530520689020112,10.41793579311759,10.674157303370785,3.8863484259850267,17.051415093769627,3.380666273226177,14.357011681530063,0.76633530107964,2.6166666666666667,1.0
10,poor,ipsi,diff,28.0,89.19727891156462,0.07625258078746122,0.03490418527288012,-0.1687440892080436,-0.17275561472366818,8.42696629213483,-1.4908323260360936,-6.642167753510299,-0.5683209083961894,-5.919345558350321,,2.6166666666666667,1.0
11,poor,ipsi,ret,28.0,89.19727891156462,1.44036582154979,0.8414856498636176,0.9843079796939675,10.294217976380066,19.101123595505616,2.395516099948933,10.409247340259327,2.8123453648299876,8.437666123179742,0.7766787505920418,2.6166666666666667,1.0
0,good,contra,bas,29.0,58.69230769230769,1.3840938268649183,1.0695831115389158,0.3779136945440863,10.522861437524758,66.66666666666666,2.909505925204763,10.959978947771443,1.741648439457798,8.019503659655996,0.7745763969278665,2.8444444444444446,1.0
1,good,contra,diff,29.0,58.69230769230769,-0.2736214480135079,-0.3332868871780001,-0.002402084452050648,-1.0415827877830444,-6.504065040650389,-0.821795143525741,-3.0049161319856847,-0.1950824741504942,-2.5253167674580204,,2.8444444444444446,1.0
2,good,contra,ret,29.0,58.69230769230769,1.1104723788514104,0.7362962243609157,0.37551161009203565,10.277211323345009,60.16260162601627,2.087710781679022,7.955062815785757,1.546565965307304,5.494186892197975,0.7378616346991531,2.8444444444444446,1.0
3,good,ipsi,bas,29.0,58.69230769230769,1.4143035282066594,1.0568507282677932,0.4974554211502006,10.58023135659286,60.16260162601627,3.308275610829364,12.466904414843546,2.1498404654763856,9.555464229609402,0.7923154876026752,2.8444444444444446,1.0
4,good,ipsi,diff,29.0,58.69230769230769,-0.3515609343845338,-0.3515878410148368,-0.15618927062794458,-0.6693409386609677,6.504065040650389,-1.1893488084215431,-4.369688904067884,-0.6585287657088581,-3.960888218703285,,2.8444444444444446,1.0
5,good,ipsi,ret,29.0,58.69230769230769,1.0627425938221255,0.7052628872529566,0.341266150522256,10.288930821569355,66.66666666666666,2.118926802407821,8.097215510775664,1.4913116997675275,5.594576010906118,0.7310410884375931,2.8444444444444446,1.0
6,poor,contra,bas,29.0,84.80689655172414,1.3650321691184166,1.0309225091275653,0.567588438746407,10.159595580532685,53.40909090909091,4.041251556596774,15.455630161953684,2.2537698402595745,12.158799846811009,0.7885126317226048,2.8444444444444446,1.0
7,poor,contra,diff,29.0,84.80689655172414,-0.19515620858451654,-0.213173955888384,-0.17441535690211202,0.26978731712065285,3.9772727272727266,-1.7826356903967324,-6.678990182315384,-0.6988528512676633,-5.993407365834845,,2.8444444444444446,1.0
8,poor,contra,ret,29.0,84.80689655172414,1.1698759605339002,0.8177485532391814,0.393173081844295,10.226976444949667,57.386363636363626,2.258615866200042,8.7766399796383,1.5549169889919112,6.1653924809761635,0.7595159327303178,2.8444444444444446,1.0
9,poor,ipsi,bas,29.0,84.80689655172414,1.373992753001444,1.037504788193832,0.6333746589560011,10.38440128320575,45.45454545454545,4.315760915871501,16.59911054665927,2.373675519236342,13.22238856236661,0.7919950724293177,2.8444444444444446,1.0
10,poor,ipsi,diff,29.0,84.80689655172414,-0.2280773935825006,-0.26391820174087516,-0.1694667543856663,-0.1909583790544145,12.500000000000007,-1.8726671224990676,-7.012771674786967,-0.6327903542059279,-6.2494129261969675,,2.8444444444444446,1.0
11,poor,ipsi,ret,29.0,84.80689655172414,1.1459153594189435,0.7735865864529567,0.4639079045703347,10.379513754347446,57.95454545454546,2.4430937933724346,9.586338871872298,1.7408851650304138,6.972975636169642,0.7666502143562601,2.8444444444444446,1.0
0,good,contra,bas,31.0,39.208955223880594,1.5617940184169488,1.0295276015367119,0.8215163634758262,10.121215648449676,25.925925925925924,2.3326088529119944,9.780442205076165,2.4888892775965568,7.719894190194419,0.7762112848869328,2.55,1.0
1,good,contra,diff,31.0,39.208955223880594,-0.12775087030703602,-0.186339744675377,0.06812138991070578,-0.07050303488802315,-4.938271604938272,-0.196859881342227,-1.0120848427203437,-0.027807415033505506,-0.8422482602106279,,2.55,1.0
2,good,contra,ret,31.0,39.208955223880594,1.4340431481099127,0.843187856861335,0.8896377533865318,10.116381110570046,20.98765432098765,2.1357489715697677,8.76835736235582,2.4610818625630513,6.8776459299837915,0.7698116490775142,2.55,1.0
3,good,ipsi,bas,31.0,39.208955223880594,1.5005518624957452,0.9682267039109249,0.8999263357686548,10.297259811303736,23.456790123456788,2.6317122064121126,10.858957464076806,2.559899788783748,8.639588259312054,0.777298188655147,2.55,1.0
4,good,ipsi,diff,31.0,39.208955223880594,-0.02255299222651569,-0.10250701274406546,0.001506947217256038,7.432623575956624e-05,0.0,-0.4755168967411201,-2.0464262367227044,-0.010044816334995653,-1.645942779588089,,2.55,1.0
5,good,ipsi,ret,31.0,39.208955223880594,1.4779988702692297,0.8657196911668595,0.9014332829859109,10.170138022672763,23.456790123456788,2.1561953096709923,8.8125312273541,2.549854972448752,6.993645479723966,0.7668278840091947,2.55,1.0
6,poor,contra,bas,31.0,118.02,1.5316102503530518,0.9711901879103312,0.8567790229923851,10.223821609678968,27.11864406779661,2.2861308719708298,9.344981375146897,2.46479495996933,7.357150823098351,0.7807834737045098,2.55,1.0
7,poor,contra,diff,31.0,118.02,-0.025543627575931472,-0.059689150986163106,-0.057321481458394,0.3253520327475869,2.9661016949152526,-0.45275897175043794,-1.7331526947824136,-0.11721770780022495,-1.4863909030992142,,2.55,1.0
8,poor,contra,ret,31.0,118.02,1.5060666227771204,0.9115010369241681,0.7994575415339911,10.384716658876536,30.084745762711865,1.8333719002203919,7.611828680364485,2.347577252169105,5.870759919999136,0.7734215445719232,2.55,1.0
9,poor,ipsi,bas,31.0,118.02,1.521270101122175,0.9735068827565279,0.8216837568324695,10.350186687806778,25.847457627118644,2.2992666610347796,9.613583697480156,2.443365810224961,7.57885334067976,0.7700736522850552,2.55,1.0
10,poor,ipsi,diff,31.0,118.02,-0.019314702067780867,-0.0631988936141683,-0.006321082079947204,-0.16152285119350854,0.0,-0.3323723348457955,-1.5155696570522201,-0.11276669301017392,-1.2740731877110365,,2.55,1.0
11,poor,ipsi,ret,31.0,118.02,1.5019553990543941,0.9103079891423596,0.8153626747525223,10.269151278694656,25.847457627118644,1.9668943261889842,8.098014040427936,2.330599117214787,6.304780152968723,0.7642834249852334,2.55,1.0
0,good,contra,bas,32.0,33.71666666666667,1.3895993346351396,0.9740039893612659,0.815056632305404,10.109234005536294,27.142857142857142,3.0271946238794945,12.791206883185778,2.444816204842176,10.093150493157896,0.7334569686846427,2.283333333333333,1.0
1,good,contra,diff,32.0,33.71666666666667,-0.07348627808405425,-0.14528933196458704,-0.16570515020893614,-0.18166909129745304,17.142857142857142,-0.6055763734184164,-2.3553653775746,-0.2258835069177311,-1.935430960852277,,2.283333333333333,1.0
2,good,contra,ret,32.0,33.71666666666667,1.3161130565510855,0.8287146573966788,0.6493514820964678,10.130712420674534,44.285714285714285,2.421618250461078,10.435841505611178,2.2189326979244446,8.157719532305618,0.7291601651106144,2.283333333333333,1.0
3,good,ipsi,bas,32.0,33.71666666666667,1.3699317226726953,0.8935664848309695,0.8243669183237713,10.314627546648312,30.0,3.0173460866980624,12.751478846299877,2.6496325466239954,10.166924440427666,0.748425156964428,2.283333333333333,1.0
4,good,ipsi,diff,32.0,33.71666666666667,-0.037704793291942526,-0.07900498958675098,0.028002298945945067,0.06504596352123636,0.0,-0.6962905697651823,-2.7417478990632134,-0.13487485856851814,-2.3088291177336244,,2.283333333333333,1.0
5,good,ipsi,ret,32.0,33.71666666666667,1.3322269293807527,0.8145614952442185,0.8523692172697164,10.322735147294166,30.0,2.3210555169328804,10.009730947236664,2.514757688055477,7.858095322694042,0.7529400394726882,2.283333333333333,1.0
6,poor,contra,bas,32.0,99.05405405405405,0.896769116371575,0.6473101481342177,0.6520698029074595,10.20549762516958,38.265306122448976,2.9796152396076865,12.452254595266911,1.8616551261918526,8.832935309709152,0.5820237739750252,2.283333333333333,1.0
7,poor,contra,diff,32.0,99.05405405405405,-0.07265112202512304,-0.10796971765888429,-0.1307707210833287,0.29760297036974437,10.204081632653065,-0.4811885404523751,-2.067422062149539,-0.11691187175900263,-1.6984696922311993,,2.283333333333333,1.0
8,poor,contra,ret,32.0,99.05405405405405,0.8241179943464519,0.5393404304753334,0.5212990818241309,10.25751604382668,48.46938775510204,2.4984266991553117,10.384832533117372,1.74474325443285,7.134465617477952,0.5575147577610536,2.283333333333333,1.0
9,poor,ipsi,bas,32.0,99.05405405405405,0.9037180068439421,0.640009420630079,0.604892150156967,10.148253092225719,44.38775510204081,2.9936479677196175,12.50698251691638,1.8744029168343344,8.94865766053373,0.5930456717656598,2.283333333333333,1.0
10,poor,ipsi,diff,32.0,99.05405405405405,-0.08718742938572126,-0.12519918352252654,-0.06989567291387996,-0.08931772784253401,7.142857142857139,-0.4515381559616618,-1.824877010783783,-0.13250804676874908,-1.5917906422953703,,2.283333333333333,1.0
11,poor,ipsi,ret,32.0,99.05405405405405,0.8165305774582208,0.5148102371075525,0.534996477243087,10.117515067165515,51.53061224489795,2.542109811757956,10.682105506132595,1.7418948700655852,7.356867018238359,0.554955740542737,2.283333333333333,1.0
0,good,contra,bas,34.0,43.41095890410959,1.4138119048137372,0.849962066208168,1.121422786031039,9.937314714599278,8.045977011494253,3.2543539764038716,13.603959530361589,3.1724236062731066,11.248010153444271,0.796390378726596,2.5148148148148146,1.0
1,good,contra,diff,34.0,43.41095890410959,0.01563953889407648,-0.028716620895703763,-0.3114373250611486,-0.3630825355487751,16.091954022988503,-1.2893169518611662,-5.828665609244554,-0.7211200300707719,-5.1759116427255,,2.5148148148148146,1.0
2,good,contra,ret,34.0,43.41095890410959,1.4294514437078139,0.8212454453124642,0.8099854609698904,9.620790820002824,24.137931034482758,1.9650370245427051,7.775293921117034,2.451303576202335,6.072098510718771,0.7747249482029821,2.5148148148148146,1.0
3,good,ipsi,bas,34.0,43.41095890410959,1.4321934597851798,0.8593446729722719,1.0613486181651348,9.848642981251743,12.643678160919542,2.890612215149735,12.153281744516576,3.1174640222287913,9.975534679385841,0.805702903920814,2.5148148148148146,1.0
4,good,ipsi,diff,34.0,43.41095890410959,-0.0583814555002537,-0.1060322801397885,-0.2087425290691049,-0.25210971594725656,10.344827586206893,-0.9264605231228956,-4.033484457351416,-0.4891673356175137,-3.5485013788615842,,2.5148148148148146,1.0
5,good,ipsi,ret,34.0,43.41095890410959,1.373812004284926,0.7533123928324834,0.8526060890960299,9.68634187359102,22.988505747126435,1.9641516920268394,8.11979728716516,2.6282966866112774,6.427033300524257,0.7845462087689633,2.5148148148148146,1.0
6,poor,contra,bas,34.0,122.83414634146341,1.4285404518583231,0.8587535317732344,1.026186220396067,9.936647540916045,13.223140495867769,2.9039282117925382,12.445220407527644,3.104124464559011,10.225685363313447,0.7963128898026549,2.5148148148148146,1.0
7,poor,contra,diff,34.0,122.83414634146341,-0.05123920037152604,-0.10529875535874685,-0.12464191161384572,-0.2597338168700686,4.545454545454545,-0.9139901323151536,-4.0655531234402495,-0.5064870721115952,-3.612502114991166,,2.5148148148148146,1.0
8,poor,contra,ret,34.0,122.83414634146341,1.3773012514867968,0.7534547764144877,0.9015443087822212,9.689844194941811,17.768595041322314,1.9899380794773849,8.379667284087397,2.597637392447415,6.613183248322279,0.7832154813488136,2.5148148148148146,1.0
9,poor,ipsi,bas,34.0,122.83414634146341,1.4475771845520653,0.8552689386566391,1.0177210600501163,9.977507389437829,16.528925619834713,2.951913538857938,12.644046170597562,3.115462815759365,10.455934982831442,0.7948763901555634,2.5148148148148146,1.0
10,poor,ipsi,diff,34.0,122.83414634146341,-0.00825680973892726,-0.03626182940260089,-0.13897972113528206,-0.31118095342669366,7.0247933884297495,-0.9323709245561619,-4.230028627177314,-0.5039948954312738,-3.830370694296549,,2.5148148148148146,1.0
11,poor,ipsi,ret,34.0,122.83414634146341,1.4393203748131382,0.8190071092540382,0.8787413389148342,9.739447526715685,23.553719008264462,2.0195426143017765,8.414017543420247,2.6114679203280913,6.6255642885348935,0.78841687110173,2.5148148148148146,1.0
0,good,contra,bas,36.0,71.22222222222223,0.9195816714269313,0.33308148548022565,0.4268017550701422,10.407364017423692,59.854014598540154,1.433948324833425,5.610983789928404,1.589276846910065,4.057058397442341,0.6118887239224932,2.838888888888889,1.0
1,good,contra,diff,36.0,71.22222222222223,-0.07414047784357314,-0.13936401464390466,-0.04174334910530334,1.0411266463153932,5.839416058394157,-0.2589522572373756,-1.1433157565664342,-0.30733409350497504,-0.9066499896142521,,2.838888888888889,1.0
2,good,contra,ret,36.0,71.22222222222223,0.8454411935833581,0.19371747083632093,0.38505840596483876,10.811766557976192,65.69343065693431,1.1749960675960496,4.46766803336197,1.28194275340509,3.1504084078280883,0.6084435057729964,2.838888888888889,1.0
3,good,ipsi,bas,36.0,71.22222222222223,0.933639743473122,0.3303173511221652,0.4505583240291804,10.804920964503621,56.934306569343065,1.3032827689164659,5.148949890368575,1.4689325110072606,3.6814502677321252,0.6274273299789879,2.838888888888889,1.0
4,good,ipsi,diff,36.0,71.22222222222223,-0.17510204601047993,-0.2734772571177557,-0.10999015185970293,0.1397355024851753,10.21897810218978,-0.16969509617410874,-0.7445767731459529,-0.08761732882493445,-0.4718598078597435,,2.838888888888889,1.0
5,good,ipsi,ret,36.0,71.22222222222223,0.758537697462642,0.056840094004409494,0.3405681721694775,10.564406959104717,67.15328467153284,1.133587672742357,4.404373117222623,1.3813151821823262,3.209590459872382,0.6149010339636923,2.838888888888889,1.0
6,poor,contra,bas,36.0,81.75714285714285,0.7830026259553798,0.1743198670882643,0.3411912952242673,10.646558262492862,66.66666666666666,1.221570613993153,4.754618619779972,1.3692079023655228,3.3040486343424242,0.5844033331985266,2.838888888888889,1.0
7,poor,contra,diff,36.0,81.75714285714285,0.026363573680718677,0.00317723293250762,-0.0015496685022512503,0.1907838161565326,2.5157232704402617,-0.1220484385627703,-0.6078309607484921,0.019905327371186925,-0.4832670854547726,,2.838888888888889,1.0
8,poor,contra,ret,36.0,81.75714285714285,0.8093661996360985,0.17749710002077193,0.33964162672201603,10.46348184711564,69.18238993710692,1.0995221754303828,4.14678765903148,1.38911322973671,2.820781548887652,0.5929587923964875,2.838888888888889,1.0
9,poor,ipsi,bas,36.0,81.75714285714285,0.842559285169629,0.25761531224718176,0.3565838172588526,10.49047367552335,63.522012578616355,1.214328730789792,4.622690530936233,1.3437998695032627,3.146713509455709,0.5842877497081572,2.838888888888889,1.0
10,poor,ipsi,diff,36.0,81.75714285714285,-0.04428349332074298,-0.06303664837799507,-0.02256048351445178,0.07935352572665089,1.8867924528301858,-0.010135209591520623,0.022112852425821086,0.030216468659785077,0.062247773520897366,,2.838888888888889,1.0
11,poor,ipsi,ret,36.0,81.75714285714285,0.7982757918488861,0.1945786638691867,0.3340233337444008,10.64120910934249,65.40880503144653,1.2041935211982715,4.644803383362054,1.3740163381630477,3.208961282976606,0.589904404920762,2.838888888888889,1.0
0,good,contra,bas,38.0,49.25,1.33990093362701,0.8397882794375471,1.285257989630263,10.553160168225522,10.1010101010101,4.961725682529318,21.236990658393452,3.491121686753137,18.021985862106234,0.784374593674927,2.748148148148148,1.0
1,good,contra,diff,38.0,49.25,-0.05822519066815982,-0.0731325358359459,0.28246805135642644,0.07767200293560117,-7.07070707070707,3.561895219279987,16.292487875559587,0.8706242492305901,14.85896349656119,,2.748148148148148,1.0
2,good,contra,ret,38.0,49.25,1.2816757429588503,0.7666557436016012,1.5677260409866893,10.625699680850861,3.0303030303030303,8.523620901809304,37.52947853395304,4.361745935983727,32.88094935866742,0.8038466832223709,2.748148148148148,1.0
3,good,ipsi,bas,38.0,49.25,1.3933070404479007,0.9051576865357879,1.3672924266878848,10.723824383400338,12.121212121212121,6.203266166626933,26.307851167677043,3.7323819844656456,22.56709902876789,0.794151761453955,2.748148148148148,1.0
4,good,ipsi,diff,38.0,49.25,-0.12602253085449938,-0.17728956415393637,0.28682530846576026,-0.06459922490975409,-11.11111111111111,2.7729731885194098,13.354615301352297,0.8965575574796435,12.302723505488595,,2.748148148148148,1.0
5,good,ipsi,ret,38.0,49.25,1.2672845095934013,0.7278681223818515,1.654117735153645,10.667412821569492,1.0101010101010102,8.976239355146342,39.66246646902934,4.6289395419452894,34.869822534256485,0.8051126602111421,2.748148148148148,1.0
6,poor,contra,bas,38.0,69.31496062992126,1.2884953192761892,0.7806297244928564,1.3430973685547194,10.848708226210759,12.413793103448276,5.631237336577892,23.61187660864603,3.5652372193855792,20.188307554963437,0.7633988954716355,2.748148148148148,1.0
7,poor,contra,diff,38.0,69.31496062992126,-0.05329344390052893,-0.05606934550828861,0.23117001622658456,-0.12181057080129021,-7.586206896551724,2.7501098670970476,13.559540345916881,0.7677010830541222,12.358948608259036,,2.748148148148148,1.0
8,poor,contra,ret,38.0,69.31496062992126,1.2352018753756602,0.7245603789845677,1.574267384781304,10.713097193344167,4.827586206896552,8.38134720367494,37.17141695456291,4.332938302439702,32.54725616322247,0.7896889510835291,2.748148148148148,1.0
9,poor,ipsi,bas,38.0,69.31496062992126,1.3048527603337474,0.817136061586775,1.4406212231836912,10.893192612902306,5.517241379310345,6.612392641750819,27.651591109995085,3.7350822199485347,23.79751119147764,0.7791988036778158,2.748148148148148,1.0
10,poor,ipsi,diff,38.0,69.31496062992126,-0.04739370530402726,-0.06454129433015159,0.22742925765119426,-0.09722705799426788,0.0,3.432687029093057,16.87462825102819,0.8614792686167513,15.379654871143842,,2.748148148148148,1.0
11,poor,ipsi,ret,38.0,69.31496062992126,1.2574590550297202,0.7525947672566234,1.6680504808348855,10.78062640991254,5.517241379310345,10.045079670843876,44.52621936102327,4.596561488565286,39.17716606262148,0.806519857335713,2.748148148148148,1.0
0,good,contra,bas,39.0,32.38461538461539,1.2300750816121846,1.0507062138597267,0.9463613904283478,10.837159720523516,27.86885245901639,8.21941659689642,32.76746485627895,2.833854217989711,27.078792870167685,0.7574608466236821,2.4703703703703703,1.0
1,good,contra,diff,39.0,32.38461538461539,-0.04500592060631637,-0.0808231249831899,-0.3089162834462957,-0.06759294299489507,14.754098360655735,-2.891344956468563,-12.20036328775345,-0.45975919753734473,-10.9053158810191,,2.4703703703703703,1.0
2,good,contra,ret,39.0,32.38461538461539,1.1850691610058683,0.9698830888765368,0.6374451069820523,10.905247465862525,42.62295081967213,5.328071640427855,20.567101568525494,2.374095020452366,16.173476989148586,0.7353599060210348,2.4703703703703703,1.0
3,good,ipsi,bas,39.0,32.38461538461539,1.2205077544618903,1.0470458061885273,1.0692258756420727,10.825159085623408,24.59016393442623,8.060870898488604,31.89974816616067,2.933855804975445,26.15097435865414,0.7553277974380864,2.4703703703703703,1.0
4,good,ipsi,diff,39.0,32.38461538461539,0.01901968603693826,0.008583937792475084,-0.0563346282172913,0.013212410510605932,3.2786885245901627,-1.3324508585105503,-5.72707987660127,-0.3641039042415424,-5.0650478547260755,,2.4703703703703703,1.0
5,good,ipsi,ret,39.0,32.38461538461539,1.2395274404988283,1.0556297439810025,1.0128912474247813,11.038804054244519,27.86885245901639,6.728420039978053,26.1726682895594,2.5697519007339027,21.085926503928064,0.7361895163523493,2.4703703703703703,1.0
6,poor,contra,bas,39.0,118.0253807106599,1.1413607756881428,0.9561372681743274,1.0696401150338948,11.022887675314916,23.275862068965516,7.630633344437877,30.449279418103675,2.798900411945406,25.019856153558592,0.7328724998892413,2.4703703703703703,1.0
7,poor,contra,diff,39.0,118.0253807106599,0.04809803916516862,0.0147505432873903,-0.10521115021687415,0.027713820091320666,5.603448275862072,-1.0778682031769902,-3.7954804979752708,-0.18797727763682046,-3.2637736082587194,,2.4703703703703703,1.0
8,poor,contra,ret,39.0,118.0253807106599,1.1894588148533114,0.9708878114617177,0.9644289648170207,10.999986188549178,28.879310344827587,6.552765141260887,26.653798920128406,2.6109231343085852,21.756082545299872,0.7351173364901077,2.4703703703703703,1.0
9,poor,ipsi,bas,39.0,118.0253807106599,1.1818874516440059,1.0289333000642698,1.102611184592525,10.99737984603114,23.706896551724135,9.027458996175698,35.843651783552325,2.924330556531919,29.71446634603819,0.7498223323993455,2.4703703703703703,1.0
10,poor,ipsi,diff,39.0,118.0253807106599,0.028847943073247406,-0.019296498857545207,-0.13916029218374035,0.09758978853663965,7.758620689655171,-1.8669734835554235,-7.388426281083985,-0.21333500912351216,-6.406549477059761,,2.4703703703703703,1.0
11,poor,ipsi,ret,39.0,118.0253807106599,1.2107353947172532,1.0096368012067245,0.9634508924087847,11.044803610042257,31.46551724137931,7.160485512620273,28.45522550246834,2.710995547408407,23.30791686897843,0.7404596928724576,2.4703703703703703,1.0
0,good,contra,bas,40.0,38.71875,1.644863705920181,1.253372320598778,1.0397819815092695,10.65491380156056,21.052631578947366,5.078953222225676,21.929429754279703,3.0913633743963453,18.29710606802266,0.8424449596568825,2.475925925925926,1.0
1,good,contra,diff,40.0,38.71875,-0.062237509049655595,-0.15335619602928782,-0.40602740861267106,-0.01903599138635291,18.42105263157895,-3.101283760682811,-14.003069199387735,-1.1201752947063826,-12.466961580155939,,2.475925925925926,1.0
2,good,contra,ret,40.0,38.71875,1.5826261968705253,1.1000161245694902,0.6337545728965984,10.440574141901552,39.473684210526315,1.9776694615428656,7.926360554891969,1.9711880796899628,5.830144487866723,0.797902452948789,2.475925925925926,1.0
3,good,ipsi,bas,40.0,38.71875,1.6564842387419183,1.2466606447504354,1.234095911385292,10.838095681534378,13.157894736842104,5.6531787386677355,24.370347599783216,3.3450393253026802,20.581981044214082,0.8452310891401494,2.475925925925926,1.0
4,good,ipsi,diff,40.0,38.71875,-0.08428602773643361,-0.1314028696748617,-0.2776771400166039,-0.36679464906020576,1.3157894736842124,-2.952859623686212,-12.829082293755492,-0.850284811944484,-11.533729889195643,,2.475925925925926,1.0
5,good,ipsi,ret,40.0,38.71875,1.5721982110054846,1.1152577750755737,0.9564187713686884,10.411411496837358,14.473684210526317,2.7003191149815233,11.541265306027723,2.4947545133581963,9.04825115501844,0.8022797193439402,2.475925925925926,1.0
6,poor,contra,bas,40.0,117.5343137254902,1.657774260814444,1.2742231527882937,1.1294943961789012,10.727411961144602,19.591836734693878,5.2626939029527495,22.50451300007586,3.029024751877442,18.753402299482538,0.8281840729757173,2.475925925925926,1.0
7,poor,contra,diff,40.0,117.5343137254902,-0.15490792081915658,-0.264283829054815,-0.4270064682527968,-0.19139374403088794,15.918367346938771,-3.298855575618359,-14.75334097110079,-1.0825742960640854,-13.045214875016173,,2.475925925925926,1.0
8,poor,contra,ret,40.0,117.5343137254902,1.5028663399952875,1.0099393237334784,0.7024879279261045,10.511212758696587,35.51020408163265,1.9638383273343905,7.751172028975072,1.9464504558133562,5.708187424466367,0.7821766743525608,2.475925925925926,1.0
9,poor,ipsi,bas,40.0,117.5343137254902,1.6382638988331564,1.272051039768142,1.121725764222459,10.600172028598786,17.142857142857142,5.578414045619277,24.209877197542397,3.0895792379154163,20.261610209019217,0.8210096666337252,2.475925925925926,1.0
10,poor,ipsi,diff,40.0,117.5343137254902,-0.14305232984621163,-0.2378190498930221,-0.2618465046783129,-0.2512681968737219,8.163265306122447,-2.769198222825886,-12.21203584964312,-0.5857495238991113,-10.766324444121121,,2.475925925925926,1.0
11,poor,ipsi,ret,40.0,117.5343137254902,1.4952115689869447,1.03423198987512,0.8598792595441461,10.4658865896068,25.30612244897959,2.809215822793391,11.997841347899275,2.503829714016305,9.4952857648981,0.7883159424766937,2.475925925925926,1.0
0,good,contra,bas,45.0,26.836734693877553,1.4115965505834291,1.121508775949268,1.1485401764316614,10.524248353113574,16.071428571428573,6.8361985502536635,29.383178006430462,3.188819943998832,24.705728036850843,0.8237577951138606,2.748148148148148,1.0
1,good,contra,diff,45.0,26.836734693877553,0.0018103474076360951,0.009910057724135609,0.11047145922281025,0.001145743926056666,-1.7857142857142883,1.630883621447617,8.061512629898319,0.2774549721783048,7.229722369079888,,2.748148148148148,1.0
2,good,contra,ret,45.0,26.836734693877553,1.413406897991065,1.1314188336734035,1.2590116356544716,10.419428313053224,14.285714285714286,8.46708217170128,37.44469063632878,3.4662749161771367,31.93545040593073,0.8243257162776088,2.748148148148148,1.0
3,good,ipsi,bas,45.0,26.836734693877553,1.4074858907141317,1.1246937627337368,1.316859671593998,10.339986537167288,12.5,9.576245090687005,42.52679672810719,3.7677833635076583,36.56790074973715,0.8296587078118655,2.748148148148148,1.0
4,good,ipsi,diff,45.0,26.836734693877553,0.0010517732574637847,0.014539298837036715,0.10204956636712925,0.16330822182359758,-1.7857142857142865,2.6710155788729417,13.112658593176084,0.2609652829040714,11.822007100278187,,2.748148148148148,1.0
5,good,ipsi,ret,45.0,26.836734693877553,1.4085376639715954,1.1392330615707733,1.4189092379611272,10.452876047083178,10.714285714285714,12.247260669559946,55.63945532128328,4.02874864641173,48.389907850015334,0.8247893141756866,2.748148148148148,1.0
6,poor,contra,bas,45.0,52.25806451612903,1.4287528472603663,1.1441244990836372,1.146324126178577,10.322930185442107,17.75700934579439,8.705450131677944,38.163253654766784,3.6151361059969487,32.599752498222344,0.8346890619862474,2.748148148148148,1.0
7,poor,contra,diff,45.0,52.25806451612903,-0.048729826996439886,-0.04306849593349522,0.1328089795947011,0.40777937288073035,-6.542056074766354,0.2310221708858075,1.5185700607699417,-0.02571226801455646,1.3771913325687957,,2.748148148148148,1.0
8,poor,contra,ret,45.0,52.25806451612903,1.3800230202639265,1.1010560031501422,1.2791331057732782,10.617611607532004,11.214953271028037,8.93647230256375,39.68182371553673,3.589423837982392,33.97694383079114,0.8229046175064602,2.748148148148148,1.0
9,poor,ipsi,bas,45.0,52.25806451612903,1.4301492600388224,1.1523341976561465,1.221185170919569,10.309840443176476,13.084112149532707,9.841047609961313,43.063826646473885,3.7059435095910476,37.05133929911993,0.8515566391552692,2.748148148148148,1.0
10,poor,ipsi,diff,45.0,52.25806451612903,-0.07323841823994406,-0.06816349216940044,0.00963332050265965,0.12092258214325131,5.60747663551402,2.106199922100026,10.756261332862117,0.10782289664833415,9.72836257934875,,2.748148148148148,1.0
11,poor,ipsi,ret,45.0,52.25806451612903,1.3569108417988782,1.084170705486746,1.2308184914222287,10.390917273139726,18.69158878504673,11.947247532061336,53.820087979336,3.8137664062393815,46.77970187846867,0.8351495694552199,2.748148148148148,1.0
0,good,contra,bas,46.0,28.90566037735849,1.01905008233867,0.4974702246348564,0.3184484953470327,11.166114041095645,63.793103448275865,0.7923790563812511,2.9741086314072565,0.6999529133570689,1.4215425781880147,0.6144356369772545,2.2185185185185183,1.0
1,good,contra,diff,46.0,28.90566037735849,-0.1364256320015649,-0.20100734476998977,-0.0694285351791342,-1.2868785281995994,10.344827586206899,-0.1967405164261469,-0.5299353177556752,-0.08535431202486733,-0.3264411846696992,,2.2185185185185183,1.0
2,good,contra,ret,46.0,28.90566037735849,0.8826244503371051,0.29646287986486664,0.2490199601678985,10.71784534208474,74.13793103448276,0.5956385399551043,2.4441733136515813,0.6145986013322017,1.0951013935183156,0.5731073442259941,2.2185185185185183,1.0
3,good,ipsi,bas,46.0,28.90566037735849,1.0124758677396977,0.41581417791060166,0.5481519220546004,10.633216256455226,46.55172413793103,0.868268391328983,3.390893252061472,1.17741202076372,2.003559753627586,0.6284378192435287,2.2185185185185183,1.0
4,good,ipsi,diff,46.0,28.90566037735849,-0.08604996393950072,-0.14582703536396638,-0.146023195482898,0.15730011644201033,10.344827586206904,-0.30009665421845366,-1.0619986053268022,-0.30830496692416764,-0.8735842341760044,,2.2185185185185183,1.0
5,good,ipsi,ret,46.0,28.90566037735849,0.9264259038001968,0.26998714254663525,0.40212872657170246,10.506767609922765,56.896551724137936,0.5681717371105294,2.3288946467346694,0.8691070538395521,1.1299755194515821,0.6146243387832087,2.2185185185185183,1.0
6,poor,contra,bas,46.0,149.76136363636363,0.9784653981383973,0.401537131206847,0.41423919185625907,10.97827549915005,58.666666666666664,0.8161534018233686,3.282914337682699,0.8536830149572221,1.8259710046164557,0.6009819965490681,2.2185185185185183,1.0
7,poor,contra,diff,46.0,149.76136363636363,-0.03557417497853553,-0.044636937613364736,-0.08830860822465843,-0.3407680119765763,7.333333333333336,-0.219497738430432,-0.8706207930213333,-0.23065401481742837,-0.7612990487859645,,2.2185185185185183,1.0
8,poor,contra,ret,46.0,149.76136363636363,0.9428912231598616,0.35690019359348224,0.3259305836316006,10.557573868267111,66.0,0.5966556633929365,2.412293544661366,0.6230290001397937,1.0646719558304911,0.6024811539374869,2.2185185185185183,1.0
9,poor,ipsi,bas,46.0,149.76136363636363,0.9757657294231805,0.4368296446579384,0.36715933615519586,10.836715107165228,63.333333333333336,0.8167825054347599,3.258037666034184,0.8164565685019896,1.713840993774091,0.6056158414663472,2.2185185185185183,1.0
10,poor,ipsi,diff,46.0,149.76136363636363,-0.09189383260972121,-0.1395924662904503,-0.08230205297770454,-0.5717191755657074,6.333333333333343,-0.19906639308586885,-0.7507188877927724,-0.13034382179237644,-0.569364595807402,,2.2185185185185183,1.0
11,poor,ipsi,ret,46.0,149.76136363636363,0.8838718968134593,0.2972371783674881,0.28485728317749126,10.417153394266983,69.66666666666667,0.6177161123488911,2.507318778241412,0.6861127467096131,1.144476397966689,0.5910100140385208,2.2185185185185183,1.0
0,good,contra,bas,47.0,42.94444444444444,1.0351082553986304,0.6500716358099419,0.9094127960918789,10.07625191997478,20.930232558139537,3.6409293040624626,16.430518684176214,2.456416653508176,13.219595362642327,0.6500434765421986,2.55,1.0
1,good,contra,diff,47.0,42.94444444444444,0.02825328999078658,-0.004088290216760802,0.11674424738330624,0.35750473567493735,-1.1627906976744207,0.10595518685365629,0.38322425468411175,0.42395547195634514,0.48704573267412266,,2.55,1.0
2,good,contra,ret,47.0,42.94444444444444,1.063361545389417,0.6459833455931812,1.026157043475185,10.336340642218007,19.767441860465116,3.7468844909161185,16.813742938860326,2.880372125464521,13.70664109531645,0.6827863822765182,2.55,1.0
3,good,ipsi,bas,47.0,42.94444444444444,1.0962711977834898,0.7362707432619745,1.0058006751624513,10.133267358873566,10.465116279069768,3.3895624820416845,15.180196831352768,2.363457549839853,12.062509151371593,0.6715290894960197,2.55,1.0
4,good,ipsi,diff,47.0,42.94444444444444,-0.10426079449509759,-0.15033618007174526,0.047727904664351575,-0.16254946853107638,6.97674418604651,0.20567442480698492,1.0640054663169172,0.478760042982575,1.0751774763097965,,2.55,1.0
5,good,ipsi,ret,47.0,42.94444444444444,0.9920104032883922,0.5859345631902292,1.0535285798268028,9.962768455862646,17.441860465116278,3.595236906848669,16.244202297669684,2.842217592822428,13.137686627681392,0.6788136772753908,2.55,1.0
6,poor,contra,bas,47.0,106.15760869565217,1.0618346424280178,0.6285129502586383,0.9501345614912499,10.1958233185428,20.930232558139537,3.270746195689033,14.707636585761596,2.631525380444877,11.860924323327849,0.6618903817863943,2.55,1.0
7,poor,contra,diff,47.0,106.15760869565217,0.015955272938468445,0.008718365101352965,0.128917438704794,-0.04034702306253878,-8.372093023255815,0.36472717034588953,1.8422295947446339,0.1879891175571375,1.7082700108757807,,2.55,1.0
8,poor,contra,ret,47.0,106.15760869565217,1.0777899153664863,0.6372313153599912,1.0790520001960437,10.126283250667612,12.558139534883722,3.635473366034922,16.54986618050623,2.819514498002014,13.56919433420363,0.6800205548038849,2.55,1.0
9,poor,ipsi,bas,47.0,106.15760869565217,1.0331338239303873,0.5805097755043236,1.0014860816786793,10.102114796688094,18.6046511627907,3.2084330371795553,14.43867096192207,2.599539620074531,11.699415065258968,0.6631027471364674,2.55,1.0
10,poor,ipsi,diff,47.0,106.15760869565217,0.07935997757049826,0.08699728010569921,0.03184141268440565,-0.040243562766321704,-0.9302325581395365,0.3975851702181324,1.9484489745726565,0.26885165893963225,1.7429215614925746,,2.55,1.0
11,poor,ipsi,ret,47.0,106.15760869565217,1.1124938015008856,0.6675070556100229,1.0333274943630848,10.081020409181544,17.674418604651162,3.6060182073976876,16.387119936494724,2.8683912790141632,13.442336626751542,0.6942606868746521,2.55,1.0
0,good,contra,bas,48.0,24.767441860465116,1.1676235861116957,0.6575486969952592,0.7271594515183925,10.376461525886647,35.294117647058826,2.194777968569127,8.900941612238736,2.107562937323696,6.796533889642839,0.6648002162600947,2.464814814814815,1.0
1,good,contra,diff,48.0,24.767441860465116,-0.05729916066945957,-0.10706099557900964,0.03215096207687436,-0.28989544370979276,-7.8431372549019605,-0.4158111471250738,-1.5163792430043157,-0.07584197070714672,-1.3166922330465651,,2.464814814814815,1.0
2,good,contra,ret,48.0,24.767441860465116,1.1103244254422362,0.5504877014162496,0.7593104135952669,10.170518478670203,27.450980392156865,1.7789668214440528,7.384562369234419,2.0317209666165494,5.479841656596273,0.6312438332308692,2.464814814814815,1.0
3,good,ipsi,bas,48.0,24.767441860465116,1.0360301963645635,0.48467339461723385,0.7267593756497156,10.324834082704136,31.372549019607842,1.7126586601308118,6.859835151767389,1.9387387154334508,5.030044975558281,0.6279510226480243,2.464814814814815,1.0
4,good,ipsi,diff,48.0,24.767441860465116,0.15236935850630007,0.12061009797591966,0.038959873370813566,-0.23607645385672038,-5.882352941176471,-0.1531718224239029,-0.38048780848804803,0.12220521697803742,-0.3275204433363182,,2.464814814814815,1.0
5,good,ipsi,ret,48.0,24.767441860465116,1.1883995548708635,0.6052834925931535,0.7657192490205292,10.044708627833343,25.49019607843137,1.559486837706909,6.479347343279342,2.0609439324114884,4.702524532221963,0.6505972640942536,2.464814814814815,1.0
6,poor,contra,bas,48.0,69.9672131147541,1.121083825957253,0.6756665371070147,0.6448534518648699,10.295543812086335,40.42553191489361,2.0041848244569413,8.223086233514772,1.8719415680378553,5.97499681989227,0.6230672948573232,2.464814814814815,1.0
7,poor,contra,diff,48.0,69.9672131147541,-0.06349584351047294,-0.1251014180410315,0.10191516708118814,-0.0588831637812127,-1.4184397163120508,0.10722976656651091,0.9652051829953544,0.253001074531984,1.0647131260125506,,2.464814814814815,1.0
8,poor,contra,ret,48.0,69.9672131147541,1.0575879824467802,0.5505651190659833,0.746768618946058,10.254596643394404,39.00709219858156,2.1114145910234523,9.188291416510127,2.124942642569839,7.0397099459048205,0.6234381618867739,2.464814814814815,1.0
9,poor,ipsi,bas,48.0,69.9672131147541,1.0707264348199836,0.5601671999959364,0.5835832124252165,10.105068125405683,44.680851063829785,1.6161868550105294,6.5384669623442,1.7788450835900205,4.661614682157991,0.6154142673126304,2.464814814814815,1.0
10,poor,ipsi,diff,48.0,69.9672131147541,0.041886746041461184,0.0010042826681267913,0.10489349422899198,0.28127139284789116,-10.638297872340424,0.09983142301515989,0.9005667795145823,0.19742343051011196,0.9296898135325549,,2.464814814814815,1.0
11,poor,ipsi,ret,48.0,69.9672131147541,1.1126131808614448,0.5611714826640632,0.6884767066542086,10.214624731364456,34.04255319148936,1.7160182780256894,7.439033741858783,1.9762685141001324,5.591304495690545,0.6219146534841941,2.464814814814815,1.0
