,sub_id,poor_contra,poor_ipsi,good_contra,good_ipsi
0,1,-2.516049151504137,-2.0725351626013566,-2.6976420122616194,-2.308969197446895
1,2,-0.12007382235278473,0.2037355687959178,0.1492934630127961,0.37756939992846
2,3,-2.3685782906972332,-2.2857267307761915,-3.218840672985696,-2.2816955363882183
3,4,-4.958177138456733,-3.7783507958625937,-5.28639713592294,-4.64728007162168
4,5,-0.07471129730573699,-0.1285881437318568,0.1494031582084609,0.06070698318341729
5,6,-1.4178094153887943,-0.5269849304236939,-1.6622385635957477,-0.6803925805014174
6,7,-0.17564529983092828,-0.1356331074504305,-0.22131418046680862,-0.20494422058001252
7,8,-0.869278949329961,-0.9269115120966576,-0.8643899798106186,-0.8756487294111593
8,9,-0.8926187508515424,-0.8092128744971272,-0.9616027084938535,-0.9105727808295474
9,10,1.9163752258258442,1.9566394850262532,2.124048407079203,1.3176746179826826
10,11,-0.4283429211497218,-0.3991027532501467,-0.503486327343225,-0.45200875648060623
11,12,-2.0579394700825095,-1.685187921209667,-2.3564206093552555,-1.8881419921313132
12,13,-0.7959985045919392,-0.8083460236722969,-0.8496282991584753,-0.5292830704342679
13,14,-0.7649757002981745,-0.7369561077689775,-3.948241317600856,-2.42973725955741
14,15,-3.722362581395321,-3.229720359678986,-2.679474417591635,-1.8352445114357325
15,16,-0.5486899171321459,-0.6849930425948549,-0.8236256469657253,-0.8967608441135521
16,17,-0.32042055696606225,-0.37326780413998933,-0.4892102798927401,-0.4542400325508047
17,18,-0.7206880714761579,-0.6236503424642391,-1.2391285250317998,-1.445008013307315
18,19,-0.47579624522326724,0.22578318143074305,-1.0543352696896766,-0.10301482763798007
19,20,-0.26972117499291526,-0.23181732597508858,-0.3446419977819565,-0.29488762525276185
20,21,-0.9828864630414634,-1.0644987511260655,-1.7999089899969998,-1.2223958437694882
21,22,-2.452368395395116,-2.0130630124370734,-3.5641375112149687,-3.15136776464625
22,23,-2.0795820199676065,-2.0379562289345596,-2.738351140863243,-2.5231074324528873
23,24,-0.42164627794864323,-0.19889561253345836,0.13707833426430413,0.2372155202393648
24,25,-1.5963284088784264,-1.646024577997559,-1.7462090830306347,-1.7272663380742965
25,26,-0.6959302403470314,-0.4522458354565641,-1.1526745413724504,-0.5976137658289924
26,27,-0.15236422002916436,-0.1290678326518769,-0.2808386812768476,-0.2310750633989953
27,28,-0.0165936106999328,-0.012013403791180741,0.024459677750115566,0.043710692053987275
28,29,-0.4576376927721741,-0.22753011573741064,-0.7174558061461392,-0.6672500390846262
29,30,-1.1236166046083371,-0.9663595758584616,-1.562940438647429,-1.8822391337378581
30,31,-1.622153936032646,-1.0036538699875104,-1.072862397811484,-0.43204991357511097
31,32,-0.45123278566485686,-0.5262116114617644,-0.6561114555262285,-0.7470537081256534
32,33,0.40909391702953185,0.4047356985447599,0.1057015030940597,0.3736112215905134
33,34,0.7898938509852135,1.0618028947837612,0.46832442441594324,1.5986946211491857
34,35,-0.7900890685372839,-0.7392001042364971,-1.0852669307010467,-0.7649414739588862
35,36,0.10592086200025526,-0.04653881465540952,0.05712325203869491,0.30499420693556256
36,37,-0.09425664394584767,-0.15649832556536353,-0.20243323482705883,-0.10221393490788874
