,sub_id,poor,good
0,1,-0.39984493017124056,-0.37279109702907554
1,2,-0.9828318030276189,-0.19965733875116182
2,3,-0.6329259360843903,-0.2587742954921883
3,4,-1.412684683925633,-1.5484455104377761
4,5,-0.26883341629474716,-0.13557824533254426
5,6,-0.09911883937418811,-0.1567117151284439
6,7,0.056028146422404876,-0.26492553172045324
7,8,-0.10789521547672057,0.017601929486956353
8,9,0.23473965591250978,-0.037029299776575715
9,10,0.0910177147908762,0.4367533347843745
10,11,-0.14443447524517672,0.2022459958224133
11,12,-0.2259002703469317,0.08164151051664362
12,13,0.059938385535719105,-0.058772526008613664
13,14,-0.01748112710310104,0.49297744808804456
14,15,-0.9208120742065307,-0.5574506063910907
15,16,0.09969186062855592,0.6394370712914017
16,17,-0.48022880760952646,-0.3313089660862888
17,18,0.06779175532596188,0.18616878409549492
18,19,-0.2521936870343196,-0.3056850187474919
19,20,-0.1002007633454227,-0.24322574342769007
20,21,-0.5291046839813349,-0.15674999751184662
21,22,-0.212760604211363,-0.19822088932384446
22,23,-0.7871313450369561,-0.6546230539486861
23,24,-0.19887427281547163,0.41448075120669003
24,25,-0.4526179088139046,-0.006980676493157076
25,26,-0.04167526919448751,-0.5800694939051831
26,27,0.19950543714852004,0.36543497802051883
27,28,0.13865512034340968,0.08412212109052725
28,29,-0.47996527811750944,-0.29000711572823895
29,30,-0.12560272685144963,-0.016653592212224747
30,31,-0.18273665827538305,0.2370283018192054
31,32,-0.8431961236935726,-0.33061116179659644
32,33,0.05894365839532789,0.054427674438543704
33,34,-0.005014504607565556,0.4344625085505619
34,35,-0.05424302888913585,-0.2549199339176661
35,36,-0.5326590690346515,-0.17261169411795727
36,37,0.2199132402492606,0.22528916451960918
